#include<stdio.h>
int G={
1, 2, 4, 6, 11, 11, 22, 22, 31, 32, 56, 39, 79, 65, 74, 86, 137, 92, 172, 116, 151, 167, 254, 151, 261, 236, 274, 237, 407, 221, 466, 342, 389, 410, 452, 336, 667, 515, 550, 452, 821, 452, 904, 611, 641, 761, 1082, 599, 1051, 782, 956, 864, 1379, 821, 1166, 925, 1201, 1220, 1712, 809, 1831, 1397, 1312, 1366, 1649, 1166, 2212, 1502, 1775, 1355, 2486, 1312, 2629, 2000, 1824, 1887, 2387, 1649, 3082, 1796, 2461, 2462, 3404, 1656, 2867, 2711, 2846, 2387, 3917, 1922, 3376, 2789, 3259, 3245, 3602, 2391, 4657, 3152, 3386, 2866, 
5051, 2867, 5254, 3376, 3161, 4136, 5672, 3009, 5887, 3497, 4666, 3677, 6329, 3602, 5324, 4472, 4789, 5135, 5870, 3161, 6711, 5492, 5744, 5121, 6511, 3935, 8002, 5462, 6325, 4946, 8516, 4274, 7375, 6635, 5744, 5870, 9317, 5324, 9592, 4967, 7571, 7457, 8714, 5216, 8537, 7886, 7354, 7332, 11027, 5471, 11326, 7375, 8327, 7160, 9776, 6045, 12247, 9245, 9650, 7172, 10901, 7382, 13204, 9026, 8159, 10211, 13862, 6472, 13261, 8600, 10462, 9939, 14879, 8537, 11202, 9491, 11981, 11750, 15932, 7046, 16291, 10127, 12814, 10901, 13997, 9776, 15152, 11897, 11761, 10805, 18146, 9559, 18529, 13970, 11540, 11556, 19307, 10157, 19702, 11202, 
15481, 15152, 17480, 10511, 17231, 15761, 15464, 13424, 19037, 9482, 22156, 15164, 17399, 17015, 18974, 11761, 20017, 17660, 18400, 12821, 21431, 13997, 24754, 14685, 15891, 18986, 25652, 13206, 26107, 15971, 16706, 17480, 27029, 14366, 22712, 18827, 21571, 17609, 28442, 12569, 28921, 20132, 22144, 20136, 22061, 17231, 26926, 20017, 23825, 19532, 31376, 14427, 28139, 24005, 20066, 21846, 32897, 18974, 28660, 18134, 24797, 25547, 34454, 16706, 28949, 22124, 27416, 24327, 36047, 17231, 36586, 23342, 23629, 27950, 28916, 19520, 38227, 28775, 28396, 19415, 39341, 22712, 39904, 27341, 25211, 26141, 35282, 20832, 39441, 25610, 32596, 28914, 42779, 22061, 35942, 28660, 30359, 33080, 39800, 20059, 
38851, 33977, 35354, 29327, 38441, 24980, 46972, 26252, 36775, 29327, 48206, 23629, 48829, 36740, 27542, 33897, 50087, 28949, 45122, 28676, 39701, 32702, 46820, 27066, 40899, 39611, 41206, 35282, 46505, 24476, 54616, 37439, 40657, 41585, 46442, 25736, 56617, 39782, 44300, 31532, 51671, 31385, 51472, 38851, 37265, 44636, 60032, 31301, 60727, 33605, 42940, 37907, 62129, 35942, 52196, 43082, 41087, 47795, 64262, 27542, 61903, 48872, 46974, 37131, 55199, 38441, 67162, 43349, 50051, 41990, 59276, 35844, 69379, 45455, 45574, 46505, 63821, 35282, 71632, 39617, 56011, 54437, 73154, 38231, 50117, 55586, 55114, 51222, 75467, 34619, 69206, 45172, 59609, 57920, 64712, 37241, 78607, 59105, 51622, 44546, 
80201, 46442, 73084, 55556, 51671, 52439, 73982, 41087, 83437, 51692, 65216, 57789, 73595, 46391, 71474, 53616, 67141, 57110, 87572, 34766, 88411, 66467, 65972, 59276, 71117, 52196, 78712, 62387, 60995, 56921, 92666, 46769, 93529, 60050, 59756, 64752, 86951, 55199, 96142, 50117, 64081, 64292, 97904, 51321, 82247, 74261, 77186, 58717, 100577, 47672, 91076, 69614, 79279, 76955, 70886, 51622, 104197, 78320, 74666, 58559, 106031, 50117, 106954, 69512, 68429, 81086, 108812, 52674, 95095, 68135, 85726, 73595, 100289, 64712, 89352, 64565, 84089, 85325, 114482, 50201, 104641, 86762, 76304, 73816, 97787, 66431, 118342, 78712, 92425, 66182, 120296, 63179, 110975, 80777, 71096, 79601, 106877, 71474, 124252, 71616, 
97031, 94127, 126254, 56395, 106061, 84416, 92824, 88017, 129287, 60197, 113026, 87382, 93811, 98690, 110324, 69570, 120047, 85979, 104150, 70886, 135461, 74390, 136504, 93671, 78411, 103361, 127082, 66434, 134091, 86846, 104402, 81120, 128819, 82247, 119102, 95095, 111521, 108140, 116606, 63179, 146071, 109757, 114034, 93230, 123617, 70886, 149332, 102482, 111661, 86747, 139430, 76304, 132505, 114680, 97976, 105507, 154847, 85187, 141850, 77207, 106061, 118022, 158204, 83276, 132899, 119711, 105802, 106877, 161597, 75632, 162736, 95849, 127019, 105845, 132074, 83296, 166177, 118322, 129700, 93902, 146351, 97787, 153014, 113026, 100559, 128336, 171992, 80889, 159667, 107825, 135146, 113972, 175529, 91076, 123260, 121292, 137911, 119399, 179102, 78411, 
180301, 116552, 134902, 124581, 140921, 106061, 183922, 117135, 122357, 115322, 169796, 91592, 187579, 140915, 120614, 102620, 190037, 110324, 191272, 107531, 138665, 144617, 168410, 93965, 162761, 146486, 133256, 134712, 181955, 82625, 198766, 132505, 155089, 150260, 168032, 106145, 164929, 135365, 151616, 114692, 205121, 119102, 206404, 119906, 132815, 140459, 208982, 105802, 189977, 122696, 140116, 145239, 212879, 123617, 178826, 140306, 160339, 139514, 216812, 89744, 218131, 163847, 150014, 146351, 154865, 121970, 206096, 152477, 173275, 139325, 203186, 102792, 226129, 169850, 142494, 145866, 228827, 132899, 200230, 123260, 179561, 155012, 232904, 115077, 195647, 154415, 182746, 154499, 216425, 111794, 238396, 163664, 145577, 180095, 201422, 122357, 223997, 182180, 189200, 123217, 
245351, 128819, 228610, 151571, 158981, 186386, 217172, 131786, 250987, 156587, 187972, 168410, 236009, 123260, 182984, 175247, 199091, 192785, 258122, 109526, 225901, 185708, 202444, 179196, 211787, 140921, 263902, 145147, 199291, 165596, 246656, 140949, 268279, 201485, 154424, 173141, 245477, 150152, 272692, 153962, 188479, 177827, 275654, 140116, 231557, 208136, 207614, 166667, 243875, 136721, 281626, 184937, 219629, 191462, 237836, 129366, 286147, 214895, 196970, 154865, 289181, 168032, 253120, 199601, 174857, 219461, 268706, 152919, 295297, 150350, 230276, 203814, 298379, 165341, 242526, 200230, 200617, 226400, 281432, 126935, 275891, 207617, 222356, 179636, 257177, 178826, 309292, 212372, 241175, 194135, 272126, 145577, 287389, 235820, 202640, 216717, 317207, 154865, 295250, 177922, 
238907, 240602, 291764, 170286, 228911, 219251, 252326, 217172, 326837, 155012, 328456, 192275, 256099, 221945, 277274, 163391, 309901, 250310, 205906, 189536, 336611, 195647, 338254, 225901, 202409, 220784, 341552, 170099, 343207, 214421, 267586, 214384, 286787, 201422, 291092, 209402, 254629, 262715, 351542, 135902, 341853, 265232, 275384, 243711, 278471, 197915, 288552, 235724, 279325, 213350, 337916, 191384, 363379, 236135, 219692, 243875, 366797, 182984, 368512, 208709, 246971, 277997, 371954, 186801, 312449, 280586, 276084, 220182, 342047, 179267, 347206, 253120, 284047, 260852, 279952, 202395, 384127, 288425, 299450, 199301, 387641, 192242, 389404, 235736, 251591, 293711, 392942, 200617, 344065, 246740, 273116, 272289, 370955, 231557, 334562, 234845, 278597, 301730, 378452, 174796, 
376331, 273227, 271954, 272126, 342101, 237836, 410872, 282167, 308081, 212657, 414506, 205286, 377789, 312590, 269084, 287172, 366167, 223997, 421822, 228911, 328801, 318092, 390224, 183761, 347247, 320861, 320464, 277640, 431057, 205286, 360322, 297314, 337439, 326435, 318182, 205906, 438517, 285284, 341800, 249827, 442271, 257177, 415994, 292667, 246971, 300866, 447932, 237276, 412675, 268055, 350606, 252389, 453629, 252266, 381056, 312857, 315851, 343445, 400610, 200729, 447331, 313922, 345962, 318126, 389099, 228911, 467062, 288552, 327737, 293360, 470936, 243579, 412435, 355025, 286290, 313016, 476777, 277274, 434732, 242666, 359077, 360887, 482654, 246971, 405437, 332924, 325532, 296181, 458075, 213287, 490546, 317937, 382309, 320630, 413732, 262070, 496507, 372755, 364576, 279952, 
374681, 291092, 467240, 345131, 325091, 378761, 472826, 224267, 508537, 318182, 396316, 309524, 512579, 278471, 367070, 344065, 386039, 387860, 518672, 220721, 520711, 339077, 361694, 349526, 427481, 281432, 483796, 361862, 360301, 330971, 530966, 271954, 533029, 360140, 324734, 315255, 499727, 312449, 539242, 281894, 420221, 406382, 474140, 272762, 399767, 409511, 425086, 366167, 549677, 235232, 551776, 378989, 386299, 381245, 465266, 265346, 486997, 402272, 434900, 318434, 562331, 313205, 564454, 317104, 365369, 386456, 516872, 301571, 570847, 357305, 358040, 378167, 541865, 334562, 470724, 396512, 449831, 349817, 534350, 246971, 548321, 438212, 433318, 402441, 420347, 342101, 590242, 372782, 409341, 370850, 594596, 259914, 596779, 447995, 386390, 400610, 601157, 334982, 526600, 318071, 
470131, 418289, 607754, 303440, 450041, 397514, 448814, 420492, 614387, 293927, 560606, 412435, 414929, 464540, 519824, 312351, 623287, 425549, 485650, 308375, 587045, 318182, 630004, 432746, 397141, 474611, 532604, 325532, 636757, 398696, 446744, 438939, 583139, 317405, 538682, 425021, 501421, 484790, 603740, 277316, 567751, 488207, 488092, 374681, 548237, 381056, 620512, 388097, 512075, 396221, 661826, 333152, 664129, 498530, 350816, 433846, 614891, 389099, 627862, 367070, 494215, 439052, 675704, 358551, 567599, 459041, 528266, 449474, 596045, 301676, 685036, 470564, 484439, 515975, 563462, 316201, 629537, 479000, 519446, 395357, 696791, 405437, 570202, 455220, 452981, 526586, 703892, 333944, 667067, 369779, 550246, 474140, 711029, 413732, 597272, 437795, 449845, 537305, 653402, 311819, 
720601, 540902, 561404, 427356, 607331, 404705, 678542, 486997, 511585, 422762, 639776, 388889, 735079, 551765, 465014, 468367, 739937, 367070, 698900, 422846, 517871, 509387, 747254, 358040, 547311, 562736, 584056, 516687, 754607, 361841, 757066, 408092, 568307, 570110, 565436, 404520, 764467, 573815, 515162, 420347, 717581, 415994, 702464, 530261, 500315, 505229, 734546, 375309, 779377, 488282, 585082, 537114, 685055, 399767, 658886, 526600, 613001, 545864, 791912, 302957, 731071, 596297, 618874, 526937, 590909, 465266, 700492, 550952, 591581, 504095, 763886, 414929, 758545, 494786, 497816, 496337, 814727, 454847, 817282, 458756, 550981, 615362, 822404, 436706, 690827, 619211, 531524, 468722, 830117, 398444, 832696, 515015, 648659, 626945, 601850, 420746, 840457, 569930, 654700, 449884, 
845651, 420347, 848254, 567751, 520727, 638636, 853472, 453261, 651515, 536477, 608654, 560402, 792929, 481016, 723524, 511550, 672991, 650435, 869222, 350816, 871861, 654392, 574624, 600771, 718199, 450041, 879802, 581999, 685325, 464594, 811966, 447222, 841159, 618287, 575726, 596045, 780257, 519824, 824800, 510857, 672617, 609557, 841250, 411016, 756977, 678386, 704036, 622782, 852527, 427481, 796726, 570202, 637529, 686480, 768296, 487295, 867731, 600689, 690856, 490172, 925481, 538682, 879260, 568376, 496199, 698711, 933662, 449845, 912421, 586940, 729376, 566187, 941879, 548237, 722666, 617091, 671717, 649274, 830180, 409910, 952891, 715187, 742214, 639776, 802757, 436730, 901576, 660347, 748675, 604265, 890426, 486581, 847165, 671990, 596306, 667992, 888167, 567599, 977902, 481665, 
761681, 736052, 928064, 472335, 826151, 685829, 665662, 606227, 991937, 476942, 929156, 683414, 747037, 651515, 837974, 515162, 924181, 752960, 702020, 574151, 854057, 563915, 1011754, 669722, 625461, 708026, 1017452, 451952, 1020307, 548951, 754040, 685055, 1026029, 597272, 740912, 706877, 801371, 774365, 1034642, 437462, 945221, 677702, 732484, 680928, 828251, 607331, 1046182, 700492, 664931, 635360, 1051976, 516709, 1054879, 791705, 684506, 577211, 1006877, 597872, 1063612, 607184, 828391, 739967, 818570, 550981, 898349, 804836, 805414, 738777, 993575, 463271, 1081186, 692309, 842069, 736430, 891692, 550556, 952687, 818075, 776822, 601850, 1095941, 565436, 1098904, 652031, 637529, 826961, 1104842, 557204, 1107817, 694670, 748136, 763164, 1113779, 622841, 835790, 651515, 869761, 731624, 1122752, 501309, 
1056955, 844877, 845552, 738665, 815861, 658886, 1034132, 702026, 883775, 713507, 1140806, 505702, 1069205, 858440, 742424, 787947, 1093727, 590909, 978016, 615857, 808891, 867542, 1159004, 616116, 953691, 759359, 905006, 780257, 1064657, 524570, 1171216, 804689, 791179, 806117, 986402, 611671, 1120721, 885890, 843952, 551282, 1121231, 690827, 1189654, 796726, 772265, 895136, 921512, 606249, 1198927, 727577, 840326, 796262, 1205129, 601850, 1012316, 830132, 907589, 844295, 1214462, 496199, 1064401, 827672, 948224, 761261, 1025399, 667067, 1226962, 717492, 955525, 771530, 1233236, 655694, 1053549, 927875, 683292, 830180, 1167401, 723524, 1245832, 711827, 889571, 816377, 1252154, 578921, 1051817, 862166, 938634, 864672, 1103015, 607919, 1204366, 847165, 936191, 951620, 947552, 567837, 1274407, 885749, 901730, 711426, 
1280801, 716720, 1122580, 882206, 833711, 875291, 1290422, 665662, 1293637, 686732, 971822, 803919, 1300079, 756977, 983210, 863636, 816239, 980510, 1309772, 568376, 1313011, 985367, 1022494, 751619, 1022149, 768296, 1322752, 813797, 993721, 831821, 1162226, 652607, 1260149, 929702, 865316, 917802, 1339067, 617717, 1223942, 740912, 1045321, 1009832, 1283384, 717371, 976595, 1014761, 1001284, 898349, 1271225, 607226, 1256236, 809540, 976007, 1024655, 1146926, 664931, 1371997, 1029620, 927532, 786209, 1257131, 802757, 1381954, 857456, 853787, 860360, 1388612, 738546, 1391947, 873275, 1083926, 818570, 1222985, 763886, 1152192, 963287, 992947, 1054625, 1332650, 540446, 1379241, 1025558, 924242, 972516, 1188947, 826151, 1243582, 952687, 1107425, 835412, 1343360, 725687, 1432279, 865655, 930290, 941516, 1439057, 837974, 1442452, 782282, 
952171, 1013747, 1336934, 748136, 1085081, 1090136, 1131176, 865827, 1459487, 659075, 1391450, 969827, 1139149, 1100390, 1080902, 670940, 1378787, 1105535, 1106876, 815861, 1480061, 740912, 1483504, 1019321, 924515, 1115861, 1359362, 746929, 1157797, 937346, 1163236, 1028814, 1500779, 828251, 1260662, 860710, 1130239, 1026140, 1441640, 657311, 1514671, 1041617, 1024454, 1006592, 1275257, 852140, 1525132, 956456, 1071095, 839855, 1434206, 791179, 1535629, 1152380, 901730, 1057557, 1349147, 898349, 1546162, 796037, 1203941, 1162922, 1482644, 704886, 1304699, 1168211, 1117666, 921512, 1488197, 754772, 1209956, 1076939, 1177697, 1178825, 1294946, 797801, 1577977, 1032194, 1228700, 904712, 1462691, 819347, 1588654, 1064401, 862817, 1112864, 1595792, 849041, 1599367, 1003685, 1201792, 939357, 1465589, 835790, 1349492, 1106342, 1253711, 1135355, 1414550, 683292, 
1620901, 1128992, 1262104, 1001831, 1299953, 815861, 1505866, 1082174, 1209691, 1026302, 1638956, 872064, 1400317, 1232615, 986444, 1103015, 1562321, 924242, 1548320, 779741, 1287451, 1243517, 1660754, 819942, 1369449, 1133366, 1066250, 1146162, 1593407, 807251, 1675366, 1122580, 1188569, 1098500, 1410392, 821321, 1538627, 1265465, 1313050, 910319, 1481501, 986402, 1597180, 1166336, 1051061, 1170671, 1704782, 718337, 1670551, 1041740, 1330256, 1176489, 1607015, 961391, 1244786, 1110152, 1338901, 1293170, 1471916, 752714, 1730731, 1080965, 1247474, 1162226, 1456949, 1012316, 1741912, 1196927, 1178867, 954545, 1749386, 818834, 1753129, 1315550, 1139324, 1046040, 1760627, 1025399, 1764382, 976595, 1161227, 1326812, 1550000, 942981, 1340231, 1247981, 1273682, 1168955, 1783217, 740912, 1704196, 1103174, 1391359, 1343795, 1504262, 927532, 1573177, 1238024, 1351486, 982867, 
1805951, 1051817, 1651514, 1003685, 1176221, 1360886, 1817372, 924974, 1725575, 1143167, 1154500, 1222985, 1828829, 947552, 1536224, 1259297, 1359569, 1201829, 1732322, 802841, 1727681, 1341992, 1435844, 1151046, 1243367, 1037885, 1774742, 1243582, 1444825, 1167296, 1863416, 839339, 1867279, 1401185, 1157384, 1147496, 1731161, 983210, 1643740, 1075652, 1462871, 1412807, 1797950, 952171, 1584797, 1237304, 1329836, 1301757, 1898327, 858869, 1902226, 1250232, 1221007, 1430330, 1453316, 1016670, 1801951, 1304195, 1490150, 948602, 1837541, 1077230, 1778104, 1323251, 1251779, 1447961, 1691642, 982139, 1768397, 1216310, 1437790, 1220720, 1945379, 976595, 1605462, 1157797, 1517681, 1374224, 1957232, 782051, 1715851, 1471637, 1526914, 1271281, 1650737, 1146926, 1973092, 1175642, 1307261, 1241195, 1808246, 1024454, 1985029, 1489520, 1084052, 1366767, 1993007, 1093727, 1997002, 1113296, 
1442669, 1124042, 2005004, 1067336, 1684211, 1401719, 1509964, 1349147, 1723871, 975272, 2021056, 1388789, 1422299, 1418477, 1534754, 895755, 2033137, 1525610, 1582900, 1166666, 1954271, 1188947, 1695942, 1209956, 1281921, 1537736, 2053352, 1021059, 2057407, 1101209, 1601786, 1368257, 1945325, 1158116, 1553612, 1422152, 1401607, 1556015, 2077742, 862817, 1922701, 1562132, 1564742, 1243281, 1752167, 1085081, 1985666, 1398102, 1630325, 1282442, 1839476, 1031916, 2106379, 1451387, 1369526, 1414550, 1831967, 1080902, 2020712, 1213559, 1592497, 1592897, 2126954, 1081490, 1545485, 1599086, 1514972, 1320512, 2139347, 974201, 2019070, 1232359, 1668769, 1499180, 1773224, 1145645, 2058907, 1617725, 1305416, 1125926, 2164241, 1260662, 2168404, 1490066, 1409951, 1422419, 2176742, 1066250, 2180917, 1199300, 1567976, 1501539, 1711379, 1275257, 1839002, 1456151, 1648739, 1649030, 2201852, 862516, 
2014151, 1655327, 1717454, 1481501, 1856621, 1158896, 1898254, 1397897, 1600267, 1395797, 2227106, 1060994, 2231329, 1460990, 1385402, 1474996, 2136971, 1304699, 2072950, 1244786, 1520201, 1686992, 2056664, 1148417, 1777367, 1693361, 1756906, 1261040, 2265257, 1096106, 2269516, 1417004, 1685581, 1550615, 1652942, 1178867, 2282317, 1712540, 1652060, 1310117, 2290871, 1074119, 2295154, 1510455, 1280885, 1625594, 2170676, 1226726, 2019775, 1412171, 1734932, 1550000, 2316629, 1349492, 1945976, 1282661, 1806851, 1603049, 2184410, 982139, 2333881, 1644962, 1581304, 1606776, 1964099, 1299953, 2143022, 1573177, 1764151, 1261040, 2176256, 1254369, 2262119, 1770725, 1482506, 1490990, 2072837, 1228022, 2372932, 1359782, 1847311, 1783787, 2281430, 1016026, 1825961, 1790336, 1793614, 1642647, 2186867, 1159169, 2099626, 1593122, 1726589, 1803470, 2018972, 1228266, 2241019, 1579799, 1877950, 1243367, 
2314001, 1410392, 2425504, 1533725, 1345691, 1823261, 2434322, 1211984, 2389011, 1350122, 1718336, 1457550, 2447579, 1346441, 2055974, 1643740, 1908841, 1843160, 2153720, 1077731, 2465311, 1681817, 1642456, 1640147, 2040497, 1244786, 2324732, 1703312, 1929575, 1559471, 2360846, 1221007, 1940225, 1869860, 1620896, 1560345, 2500967, 1456949, 2505442, 1233047, 1861715, 1761134, 2514404, 1166666, 2112107, 1890011, 1707122, 1691642, 2335925, 1191422, 2532376, 1740239, 1971379, 1597811, 1912586, 1294556, 2440057, 1910270, 1913906, 1461884, 2013239, 1340231, 2447134, 1715851, 1664849, 1749416, 2568512, 1163817, 2573047, 1616045, 2003026, 1697597, 2582129, 1504262, 1758636, 1777562, 1716449, 1811219, 2490950, 1084052, 2600341, 1703252, 2024264, 1790091, 2188127, 1464275, 2614042, 1490009, 1771837, 1644710, 2505260, 1397204, 2627779, 1861535, 1567976, 1517105, 2636957, 1536224, 2301702, 1452809, 
1880939, 1985477, 2272232, 1332576, 2226641, 1992386, 2067076, 1827942, 2664587, 1052447, 2669206, 1695942, 2006687, 1844672, 2246024, 1426695, 2348467, 1883585, 2088650, 1459742, 2459261, 1482644, 2560604, 1609856, 1697679, 2027111, 2501246, 1401607, 2543405, 1702796, 1748230, 1683149, 2720279, 1584797, 2285042, 1795266, 1970021, 1788134, 2734292, 1106144, 2738971, 2055107, 1931234, 1839476, 1996985, 1453316, 2753032, 1891907, 2000387, 1690385, 2762426, 1257449, 2557609, 1888610, 1800236, 1756332, 2776547, 1558337, 2434510, 1545485, 2165041, 2090372, 2618480, 1486601, 2106059, 1710605, 2101664, 1820212, 2663525, 1358942, 2809636, 1930814, 1904879, 2111675, 2233102, 1305416, 2823877, 2001200, 2011720, 1355855, 2833391, 1650737, 2838154, 1885532, 1765859, 2133086, 2221832, 1517016, 2852467, 1791815, 2220446, 1711379, 2862029, 1349534, 2404112, 1970117, 2066747, 1960205, 2876402, 1245451, 
2522101, 2161802, 2142326, 1983306, 2197451, 1684211, 2767046, 1670572, 2042345, 1821992, 2905256, 1483917, 2744515, 2035625, 1602374, 1936661, 2919737, 1534754, 2808572, 1550126, 2198837, 1919327, 2934254, 1520201, 2426037, 2205236, 2287856, 2023137, 2581355, 1395041, 2378786, 1873295, 2299189, 2219810, 2485172, 1345922, 2968267, 2096699, 2231716, 1652942, 2978021, 1553612, 2611240, 1867751, 1940915, 2241761, 2992682, 1423832, 2868877, 1641932, 2169304, 2063364, 2747639, 1752167, 2526206, 2019775, 1846399, 2263820, 3022112, 1326749, 2875451, 2271197, 2356274, 1629980, 2330465, 1704920, 3041812, 2090402, 2367775, 1696307, 2671526, 1581304, 3056629, 2293400, 1763846, 2103987, 3066527, 1545485, 2947930, 1671611, 2390861, 2152742, 2848844, 1525310, 2244407, 2107391, 2402446, 2072837, 2920817, 1500944, 2981696, 1852505, 2331817, 2203637, 2609282, 1500685, 2847317, 2338130, 2007506, 1790366, 
3003851, 1755245, 3131254, 2099626, 2037641, 2055164, 2984456, 1465811, 2908975, 1976657, 2290726, 2094152, 2763245, 1839002, 2651324, 2001500, 2460791, 2375735, 2897822, 1184285, 3176461, 2193212, 2392968, 2186421, 2631311, 1856621, 2661808, 2104665, 2399771, 1772726, 3201716, 1705974, 3010235, 2101475, 1949294, 2153720, 3092681, 1774742, 3221992, 1848347, 2019861, 2291657, 3232154, 1650065, 2715017, 2275634, 2434114, 1814214, 3247427, 1493447, 3252526, 1940225, 2365409, 2444180, 2373536, 1667771, 3267847, 2451845, 2543650, 1835012, 3031121, 1652942, 3000164, 2256326, 1970021, 2467211, 3091862, 1707122, 2887945, 2072480, 2567576, 2270439, 3168659, 1594571, 2737074, 1863986, 2579581, 2490350, 3324332, 1460960, 3184115, 2498087, 2152172, 2013239, 2520977, 1945976, 3093136, 2298797, 2603675, 1805549, 3355346, 1680522, 3360529, 2521370, 2187140, 2089742, 2896229, 1964099, 3208550, 1758636, 
2405871, 2536952, 3195560, 1541271, 2844671, 2544761, 2394326, 2257799, 3402137, 1562180, 2983276, 2341664, 2430439, 2560415, 2866574, 1771837, 3423037, 1954544, 2547106, 1967081, 3433511, 1825961, 3307714, 2240786, 1959661, 2378786, 3313172, 1763724, 3157007, 2170571, 2688886, 1999694, 3465029, 2018972, 2668712, 2384927, 2609489, 2607665, 2744282, 1395104, 3289885, 2615582, 2713484, 2399436, 2815901, 1723871, 3501982, 2348467, 2725825, 2154596, 3210176, 1650149, 3080155, 2639405, 2192432, 2324591, 3528497, 2055974, 3533812, 1703510, 2750591, 2435897, 3544454, 1748230, 2705189, 2523476, 2408452, 2267051, 3343295, 1727177, 3565786, 2370317, 2457929, 2340770, 2954852, 1906020, 3581827, 2474399, 2596682, 1996985, 3145601, 2017850, 3597904, 2235041, 2341931, 2523749, 3608642, 1643912, 3614017, 2270930, 2427770, 2487414, 3624779, 2112107, 2448716, 2434510, 2649161, 2557580, 3640952, 1567429, 
3503791, 2390177, 2634314, 2267546, 3067481, 1912586, 3662572, 2517092, 2369881, 2304887, 3673406, 1904879, 3678829, 2603192, 2394704, 2202525, 2988731, 2072567, 3695122, 1957820, 2876101, 2776442, 3245060, 1975166, 3066867, 2637779, 2762624, 2221832, 3722357, 1488596, 3727816, 2561939, 2901539, 2800985, 3135962, 1788917, 2975837, 2737262, 2644520, 2152112, 3755171, 2188127, 3478414, 2213275, 2344871, 2825636, 3629072, 2010201, 3777127, 2167997, 2563166, 2467459, 3788129, 2015150, 2928020, 2380670, 2952751, 2490539, 3646262, 1602374, 3482681, 2858672, 2865262, 2622351, 2782595, 2226641, 3826762, 2544224, 2731565, 2408270, 3604556, 1601342, 3701975, 2704727, 2430726, 2581355, 3854477, 2246024, 3380080, 2215637, 2873665, 2671277, 3402224, 1943477, 3251777, 2541494, 3017396, 2463962, 3887867, 1788917, 3893446, 2611240, 2522251, 2664500, 2978840, 2081195, 3910207, 2933705, 2940536, 1915457, 
3921401, 2285042, 3927004, 2698856, 2227271, 2784191, 3448622, 1846399, 3872181, 2478452, 3069616, 2514705, 3785735, 1996985, 3322274, 2424851, 2978539, 2975810, 3971972, 1748786, 3142591, 2787467, 3095894, 2671526, 3297149, 2241110, 3651512, 2388887, 2911955, 2513921, 3782090, 2048666, 4011529, 2772542, 2221832, 2760852, 4022867, 2106059, 3784190, 2244407, 3135521, 2562170, 4039904, 2067687, 3393527, 3035261, 2888722, 2674970, 3181205, 1876382, 4062676, 2596094, 3055277, 3052355, 3417446, 1766720, 4079797, 3060920, 3175400, 2012819, 4091231, 2262119, 3587770, 2724287, 2667389, 3078086, 3959372, 2189996, 3884647, 2222735, 2752412, 2763245, 3620117, 2404112, 3300824, 2839337, 2804267, 3103925, 4142882, 1749206, 3996181, 2835662, 3131314, 2484906, 3489707, 2197451, 4165942, 2661808, 3102311, 2484752, 3595862, 2226879, 3824339, 3138545, 2723690, 2785676, 4194857, 1994792, 3886300, 2329652, 
3269431, 3155927, 4212254, 2019861, 3073361, 3164636, 2855990, 2902917, 4229687, 2053517, 4078706, 2305467, 3296549, 3020630, 3213284, 2192196, 4252987, 3190835, 2887042, 2373536, 4056761, 2485172, 4107640, 2713211, 2494809, 2455709, 4282202, 2191109, 4106057, 2695046, 3337436, 2951064, 3765575, 2416241, 3611822, 2887945, 3043121, 2980724, 4317392, 1698659, 4061831, 3243557, 3219916, 2768981, 3352997, 2526206, 3801652, 2700242, 3378575, 2675075, 4027286, 2152172, 4358629, 2858060, 2838056, 2999607, 4370447, 2330465, 4001162, 2393402, 2836775, 3287822, 4388204, 2073264, 3686099, 3296711, 3206522, 2548847, 4405997, 1912586, 4411936, 3032189, 3433819, 3314525, 3058010, 2225556, 4098721, 3323450, 3331546, 2547122, 4060991, 2244407, 4200550, 2983276, 2896121, 3341336, 4271096, 2283749, 3845881, 2507369, 3475546, 2590907, 4313369, 2609282, 3761132, 2682620, 3279847, 3368255, 4495502, 1959661, 
4501501, 3170864, 2622764, 3097881, 3786311, 2536655, 4335202, 2953577, 3270677, 2447582, 4531556, 2415914, 4317359, 3102395, 2832932, 2744282, 3984617, 2651324, 4555672, 2616191, 3309779, 3422417, 4567754, 2011046, 3496171, 3207614, 3559756, 3147612, 4243475, 2227271, 4021726, 3080155, 3453607, 3281180, 3862352, 2166665, 4610167, 2934047, 3588050, 2459825, 4622321, 2426672, 4349300, 3180986, 2569487, 3477011, 4243142, 2408452, 4646677, 2861072, 3461690, 2784315, 4491299, 2715017, 3565706, 3102881, 3630701, 3193970, 3738872, 1923422, 4683331, 3513647, 3644974, 3145601, 3939149, 2373536, 4701712, 2955761, 3151901, 2959205, 4536866, 2446679, 4134085, 3362162, 2992364, 3248262, 4447307, 2531855, 4738582, 2155010, 3386569, 3363692, 4750904, 2533031, 3990767, 3568961, 3139762, 3168374, 4769417, 2316794, 4366796, 3282164, 3716759, 2764535, 4016702, 2369881, 4528801, 3596780, 3731200, 2667781, 
4209851, 2520977, 4610930, 3180390, 2911955, 3615386, 4465316, 2206782, 4831387, 3036947, 3498086, 3245060, 4429289, 2722766, 3536600, 3095747, 3774691, 3643385, 4862522, 1973255, 4868761, 3193202, 3661922, 3034796, 4069011, 2844671, 4718606, 2975837, 3318977, 3076196, 4702016, 2445911, 4540519, 3680885, 2798366, 2868916, 4918817, 2866574, 4749700, 2828942, 3704317, 3699707, 4324790, 2563166, 3821045, 3160646, 3847736, 3402207, 4783475, 2049875, 4723466, 3301412, 3862429, 3502202, 4174076, 2652920, 3916247, 3737495, 3476530, 2782595, 4785725, 2668712, 5000704, 2993381, 3256859, 3756461, 5013362, 2312297, 5019697, 3155450, 3408976, 3161274, 4754495, 2815901, 4168782, 3380080, 3789839, 3309044, 4377896, 2229035, 5057791, 3613097, 3936314, 3368957, 3463499, 2808572, 5076892, 3489272, 3951175, 2842655, 5089646, 2219725, 4891009, 3823220, 3183926, 3247745, 4862891, 2705189, 4480450, 2845442, 
3618101, 3842402, 5128004, 2627972, 4307531, 3367739, 3995926, 3448622, 5147237, 2501132, 4548352, 3209399, 3210617, 3871265, 4334474, 2647166, 5172937, 3880910, 3793052, 2518016, 5185811, 2915465, 4748414, 3142591, 3295065, 3900236, 4559312, 2775581, 5211607, 2949629, 3919952, 3449492, 5046689, 2448716, 4388612, 3595202, 3740447, 3929315, 5056742, 2221832, 4599001, 3939032, 3838244, 3613011, 3989507, 3067481, 4953722, 2988995, 3776053, 3066446, 5282876, 2817084, 5289379, 3968255, 2942426, 3181205, 5302397, 2981162, 5308912, 3050009, 4131691, 3486677, 4925954, 2609471, 4470449, 3780446, 3670644, 3408906, 4678895, 2595947, 5348086, 3587770, 4162169, 4017200, 4436576, 2264961, 5145071, 3671825, 4177450, 2946416, 5058281, 3135962, 4646362, 3702716, 3367109, 3850151, 5103326, 2804267, 4417745, 2929784, 4208096, 3720789, 5220695, 3003851, 4553042, 3588141, 3686197, 3813674, 5440052, 2226494, 
5446651, 3768707, 4096852, 3164564, 4580741, 2928020, 5466472, 3757067, 4254275, 3440777, 4312406, 2644259, 5486329, 4115990, 3150284, 3775272, 5280167, 2782595, 5506222, 3073361, 4037681, 3771392, 5519504, 2943441, 3842115, 4145861, 4300706, 3429744, 5539457, 2561360, 5546116, 3154652, 3924239, 4165835, 4328006, 2887042, 5376137, 4175840, 3615806, 3202007, 5164751, 3251777, 5586154, 3255242, 3638765, 3668954, 5599532, 2800914, 5270675, 3456575, 4363006, 3765575, 4922705, 2978840, 4266896, 3866957, 4232089, 3997949, 5639762, 2158622, 5646481, 4137722, 4109312, 3760378, 4748699, 2772725, 4499542, 3801652, 4410025, 3566840, 5680136, 3029219, 5686879, 3730745, 3561244, 3788591, 5213837, 3322274, 5480332, 3063176, 3728225, 4030079, 5378510, 2836775, 4805357, 4296836, 4457296, 3174067, 5740967, 2790869, 5747746, 3764684, 3893051, 4317170, 4204820, 3072570, 5568271, 4327355, 4081970, 3058010, 
5464505, 2856512, 5585144, 3717071, 3770771, 4010801, 5802122, 2975144, 5088685, 3255242, 4369522, 3997164, 5822579, 3393527, 4890974, 3384595, 4226177, 4378460, 5409200, 2416607, 5350811, 4174349, 3974254, 3873635, 4853897, 3417446, 5590436, 4034762, 4376821, 3242705, 5685446, 2622764, 5891029, 4136360, 3837656, 4053627, 5172707, 3320627, 5587642, 3244469, 4343581, 4440182, 5419964, 2716676, 4544915, 4450511, 4462364, 3984617, 5946077, 2773544, 4771904, 4091489, 4632779, 4078085, 5006306, 2987441, 5973697, 3473390, 4648900, 3436934, 5987531, 3489707, 5994454, 4021726, 3057107, 4502336, 6008312, 3036919, 6015247, 3781985, 4304234, 3422822, 5742029, 3390716, 4997172, 3762512, 4395031, 4324919, 5222036, 2569487, 5957703, 4544012, 4446124, 3819261, 4703927, 3073361, 5559602, 4020480, 4729925, 3825770, 6091796, 3124512, 5342815, 4575395, 3973190, 3738872, 5659301, 3213284, 6119752, 3079467, 
4603457, 4302617, 5891834, 3146315, 5152361, 4606886, 4172312, 4225392, 5455637, 2705189, 6161806, 4134085, 4795249, 4047440, 4800800, 3293945, 6182887, 4638485, 4221536, 3182981, 5428901, 3611822, 5743924, 4264046, 3944231, 4447931, 6218102, 2755462, 6225157, 3914096, 4406756, 4283439, 6239279, 3352997, 4560602, 3664616, 4657979, 4464590, 6260492, 2767496, 6267571, 3629867, 4877534, 4209851, 5270717, 3533090, 6288832, 4322357, 3991411, 3884837, 6097106, 3186537, 5196965, 4733930, 3947402, 3784710, 6324347, 3686099, 6331462, 3536600, 4927241, 4388072, 5559320, 3004271, 4956179, 4765961, 4669466, 4232849, 6150125, 2588450, 6374236, 4080500, 4794997, 4787375, 4539734, 3318977, 5522479, 4798100, 4977200, 3680177, 6409991, 3605375, 6417154, 3757405, 4180901, 4396766, 6048452, 3064562, 6207115, 4048475, 4033852, 4324790, 6453029, 3761132, 5420552, 4162967, 4573811, 4243649, 6265802, 2717276, 
6001561, 4862702, 5044204, 4139636, 4743911, 3786311, 6503422, 3916247, 4892231, 3899858, 6208976, 2991489, 6525079, 4517597, 4251314, 4322366, 6539537, 3629072, 5162000, 3763106, 4749791, 4916867, 6561254, 3408976, 5293037, 4200950, 4458094, 4519587, 6223907, 2959331, 6590266, 4386407, 4478429, 4686962, 5541932, 3388886, 6612067, 4644959, 5145550, 3048077, 6062321, 3862352, 6633904, 4559561, 4185101, 4982261, 5824802, 3278566, 6426977, 4108346, 5179556, 4155674, 6176459, 3198749, 5179766, 4480450, 4892297, 4780220, 6692312, 2959919, 5869651, 5026097, 4512872, 4464212, 5633849, 3565706, 6355276, 4027832, 5230775, 4231175, 6736286, 3210617, 6743629, 4615880, 3831174, 4640037, 6758327, 3939149, 6264850, 3635951, 5089627, 4444502, 6505220, 3616806, 5155007, 4791539, 5282246, 4559312, 5464505, 3153182, 6809896, 4292459, 5299459, 5114345, 5726522, 2856641, 6832057, 5011652, 5096126, 3819712, 
6846851, 3990767, 5765892, 4599001, 3958049, 4821044, 6284432, 3525099, 6876487, 3734357, 5351266, 4440200, 6665285, 4016702, 5788724, 4741622, 4489265, 4415747, 6913622, 2942426, 6811261, 5192192, 5023064, 3963537, 5744807, 3742421, 6943402, 4621874, 4917245, 4370846, 5539196, 3711824, 6965779, 5225735, 4359884, 4678895, 6732317, 3536600, 6988192, 3499997, 5141819, 5248157, 6622130, 3270546, 5121365, 5259386, 5455636, 4823682, 6694175, 3417971, 6247476, 4089064, 5246551, 5281880, 5914136, 3759795, 6192159, 5293145, 4795382, 3883667, 7070681, 3483680, 6852524, 4864976, 4612199, 4649999, 7093262, 3686197, 7100797, 4020692, 5341862, 4575929, 5713337, 3821045, 5900586, 4674107, 5543381, 5349650, 7138532, 2716676, 6757615, 5112587, 5117494, 4312406, 6009077, 4174076, 6281032, 4927247, 5393041, 4512785, 6757706, 3688556, 7191529, 4719530, 4136360, 4539420, 7206707, 4054457, 6923102, 3842115, 
4903441, 5417852, 7229504, 3856661, 6072791, 4954541, 5322062, 4008869, 6716225, 3528662, 7002916, 4989914, 5347199, 5452115, 5315510, 3615806, 6663497, 5176724, 5309812, 4191611, 7298111, 3463499, 7305754, 4863497, 4338107, 5486486, 7077116, 3474356, 6421255, 4608671, 5703086, 4922705, 7344029, 4078706, 5642816, 4406705, 5720971, 5196965, 6740642, 3211289, 7027781, 5183042, 4801402, 4920636, 6201227, 4307531, 7397782, 4499542, 5756825, 3730100, 7413176, 3805577, 7420879, 5324225, 4835786, 4945406, 5995469, 4334474, 7002860, 4280084, 4766285, 5590247, 7459454, 3281051, 6265949, 5601836, 5810816, 5137677, 7246775, 3472151, 6474232, 4583272, 5828869, 5193482, 6061276, 3605102, 7513627, 4931219, 5652596, 4204820, 7529141, 4388612, 6896264, 5180291, 4212947, 5393849, 6723074, 3786539, 7560217, 4754390, 5883196, 4536780, 7127075, 3989507, 5910062, 5088685, 5705239, 5694980, 6658400, 3149185, 
7361771, 5706677, 5919554, 4999096, 5793701, 3663020, 7630372, 5244542, 5937775, 4359947, 7646006, 3974254, 6099529, 5405852, 4669466, 4782047, 7669487, 4470449, 7677322, 3772346, 5974301, 5512622, 7693004, 3949842, 6380427, 5334311, 4560602, 5172707, 7716557, 3755336, 7724416, 5309189, 5303981, 5074925, 6495122, 3922811, 7449397, 5305190, 5550500, 4459802, 6802751, 4313369, 7771654, 4771904, 5064665, 5836136, 7787432, 3580847, 7133027, 4816385, 5864632, 4604261, 7569965, 4553042, 5714636, 5038820, 6084551, 5871695, 7560110, 3057107, 7378781, 5147552, 6103024, 5396001, 6035159, 4580741, 7866562, 5084657, 5169511, 4952210, 6871178, 4205394, 7574315, 5919275, 5027390, 4595690, 7641317, 3921782, 7543400, 4551047, 6158611, 5424737, 6948650, 4073990, 6661337, 5955086, 5972114, 5461572, 7954067, 3252155, 7374526, 5342815, 5683759, 5979020, 6200240, 4010331, 6997627, 5991005, 5888110, 4446672, 
8002001, 4328006, 8010004, 4121486, 5017037, 6015011, 8026022, 4172312, 7599337, 5052632, 5461796, 5139635, 8050079, 4529891, 6127034, 5365211, 5773597, 5171612, 8074172, 3575996, 8082211, 6063167, 6031496, 5428901, 5679161, 4266896, 8106352, 5201081, 5888747, 4604261, 7797890, 3581707, 7846705, 6099410, 5298836, 5593902, 7454927, 4748699, 7145590, 4560602, 6135167, 5862812, 7568264, 4359471, 6863567, 5087825, 5967686, 4811684, 8195177, 3845762, 8203276, 5638364, 5577079, 6160055, 6897566, 3991411, 8227597, 6172220, 5555606, 4037765, 7927931, 4805357, 7764530, 5465025, 5378069, 5835974, 7150754, 4246424, 7666075, 4660835, 6074114, 5559320, 8292629, 4204820, 6879024, 5705387, 6195049, 6233225, 8317082, 3431201, 6579581, 5768102, 6478364, 5727816, 6507911, 4694225, 8096302, 4860097, 6154817, 5256500, 8366096, 3978629, 8374279, 5956997, 4324016, 5592406, 7895297, 4890974, 8398852, 4702286, 
6535631, 5518427, 7701014, 4033852, 7068821, 6319136, 6386944, 5321751, 7395635, 4108577, 8448106, 5625302, 6355987, 5495900, 7103324, 3963306, 8077271, 6062135, 6593150, 4743911, 7863581, 4777490, 6865660, 5840621, 5058659, 6380861, 8514002, 4319634, 8522257, 4636454, 6045176, 5863314, 8538779, 4544915, 7172582, 5162000, 5811257, 6418040, 8563592, 3572069, 8287871, 6057209, 6670234, 4900775, 7207337, 5006306, 7084076, 5496992, 6467861, 5319671, 7547726, 4478429, 8621629, 6176720, 5619296, 5931657, 8638247, 3916247, 8646562, 4502054, 6311029, 6492722, 8259284, 4622426, 6022517, 6505211, 6524164, 5824802, 7951097, 4229852, 8414296, 5215535, 6232979, 6530225, 7221842, 4240202, 8721577, 6542750, 5930152, 4397432, 8435891, 4703927, 8471390, 5869651, 5347199, 5134136, 8495696, 4675941, 8507867, 5517005, 6217166, 5816087, 7701365, 4946216, 7382372, 6046442, 6845311, 6605555, 7350662, 3371652, 
8822101, 6042452, 6637502, 6069531, 7178903, 5152361, 7752922, 5891549, 6496445, 5569862, 8864156, 4249284, 8120039, 5694761, 5783054, 5464505, 8889437, 4800800, 8897872, 5117921, 5800765, 6681317, 8620994, 4243586, 6908721, 6693986, 6943556, 5356962, 8940107, 4156205, 8948566, 5765892, 6504089, 6410912, 6059582, 4783895, 8490451, 6218849, 6698836, 4950194, 8990921, 4560602, 8999404, 6185636, 5865815, 6169991, 8673662, 4489265, 7908625, 5332100, 6469264, 6208989, 9041879, 5270717, 7096226, 5036784, 6117599, 6795770, 9067412, 4019054, 9075931, 6808547, 5978396, 5539196, 7630949, 5056742, 8565512, 5685587, 7082275, 4958825, 9118586, 4688051, 9127129, 6846950, 5450442, 6279312, 7301207, 4956179, 8376782, 5121365, 7122161, 6872612, 9169904, 3938435, 7702727, 6885461, 7142146, 6039607, 9195617, 3842654, 8065876, 5960510, 6783599, 6512027, 7738742, 4795382, 9229957, 6059324, 7182200, 5177959, 
7681811, 5204795, 8574634, 6163952, 5186381, 6949886, 8997356, 4948136, 8929687, 5837927, 6983372, 5014037, 8798465, 5420552, 7811024, 5877845, 7242491, 6553229, 8171570, 3922811, 8964545, 7001642, 6616544, 6031526, 7751699, 4743911, 9359302, 6281032, 6383071, 5892296, 9099416, 4766493, 8224675, 6429065, 5797754, 6256121, 9402617, 5292452, 9411292, 4623812, 7323271, 6528767, 9126254, 4903441, 7182977, 6786356, 5962574, 6492657, 9454727, 4447517, 8954530, 5963822, 7363829, 6218510, 7291316, 4502746, 9489547, 7118795, 7384150, 5315510, 8228567, 5541932, 9515704, 6540551, 5964977, 6844289, 8725322, 4040474, 8980745, 5477882, 7048136, 6564564, 9559379, 5380841, 6998702, 6421255, 7445281, 6560600, 9207632, 4250285, 8888791, 6298877, 7218832, 6363170, 8066657, 5179766, 9306932, 6612722, 5729987, 6056915, 9638246, 4801402, 9199769, 6723056, 6288440, 5792595, 9664607, 5633849, 9383450, 4944551, 
7222315, 6942002, 7824044, 5171436, 8140451, 7276511, 6955022, 5995469, 9717437, 4037072, 8902256, 6685289, 7568299, 7302965, 8177474, 4846160, 8546917, 7167032, 7338026, 4950446, 9770411, 5155007, 9779254, 5697694, 6241841, 7342736, 9270776, 4936949, 9493075, 6167921, 6668806, 6536732, 8112269, 5726522, 8251772, 6758252, 6769445, 6461159, 9393950, 4212947, 9859021, 7395932, 7671584, 6166661, 7225355, 4927367, 9885682, 6550995, 7692325, 6121490, 9903476, 4564214, 9622939, 6974195, 5735426, 6658400, 9930197, 5788724, 8081026, 5718059, 7733891, 7082537, 9956954, 4855631, 7790045, 5820674, 7754716, 6856152, 9659747, 4862687, 9405806, 6099529, 6519467, 7502900, 8300312, 5342145, 8945097, 7516325, 7796450, 4931735, 10037441, 5585144, 10046404, 6457490, 5850527, 7543211, 8820182, 4560602, 9927391, 6336320, 7579342, 6930039, 10091279, 5121365, 7947482, 6727226, 7859261, 7007774, 9261452, 4368546, 
8875351, 7597127, 7398682, 6802751, 7902941, 5914136, 10154272, 5858639, 7582241, 5737757, 9424946, 5170652, 10181329, 7320170, 5711024, 7004322, 10199387, 5741717, 10208422, 5714636, 7238921, 6039716, 10226504, 4914179, 8487351, 7341401, 7701464, 6823499, 8986205, 4994546, 9788396, 6414524, 7985639, 7705535, 8628302, 4549465, 9534061, 7719140, 7484432, 5925497, 9755435, 6009077, 8168990, 6787901, 6469691, 7746386, 10335332, 5515626, 10344427, 5275907, 7656086, 6948650, 9956405, 5149346, 8704616, 6641135, 6846109, 7472849, 10072010, 4310996, 10399081, 7801022, 7253494, 6245256, 7933559, 6072791, 10426462, 6997627, 8113025, 6564380, 9153776, 5369007, 9840695, 7842125, 6675834, 5951321, 9988661, 5315510, 9919732, 6030602, 7886477, 7515779, 10499654, 5461796, 7689497, 7883336, 7452596, 6825627, 9754175, 4703927, 10536346, 6033137, 8198509, 7910870, 8858252, 5632820, 10563907, 6905105, 6894556, 5679161, 
10248401, 5642816, 10591504, 7280081, 6904811, 6816695, 9987842, 5330272, 9720437, 6679922, 7845044, 7305414, 9322895, 6201227, 8194694, 7145590, 7595221, 7993760, 10265672, 3858971, 10674511, 8007617, 7848614, 6744326, 8678497, 6020060, 9379612, 6763796, 8327575, 6738071, 9813566, 5577079, 10385069, 7045400, 6729734, 6906477, 10748567, 6265949, 10757842, 5830430, 6450581, 7377782, 10776404, 5436360, 9052187, 7681811, 8392486, 6293072, 10804277, 5093036, 10813576, 7432739, 7322837, 7503737, 7566752, 5573831, 10841497, 7630214, 8435900, 6243584, 10547975, 5244689, 10869454, 6579581, 7086209, 8160836, 10089056, 5810921, 8862107, 6855125, 8138540, 7178434, 10916129, 5910062, 7893932, 6556490, 8501231, 8202875, 10944182, 4324016, 10544041, 8216912, 7450804, 7535391, 9208847, 5793701, 10636906, 7315124, 8263091, 5990954, 11000396, 5328824, 9718693, 8259095, 7177790, 7395635, 8736977, 6001160, 10666000, 6198077, 
8588731, 8287277, 11056754, 5022441, 9287681, 7672826, 8326714, 6924902, 10435835, 5400707, 9723526, 6865660, 8632649, 8329640, 8735864, 5713901, 10797791, 7303529, 7374840, 6145997, 11141561, 6495122, 11151004, 7664696, 6127221, 7855439, 10734446, 5811257, 11179357, 6318176, 8171804, 6272217, 11198279, 6304991, 9406562, 7280180, 8720821, 7990574, 9839540, 4982786, 10285871, 8428907, 7751972, 7547726, 8666165, 5714636, 10924232, 7742807, 8765075, 6699305, 11283626, 5191304, 9783307, 8471630, 7362716, 7337732, 10993367, 6035159, 11321662, 5300159, 8179521, 8500172, 10381664, 6052701, 9526199, 8514461, 7721102, 7531100, 10761797, 5297576, 10544356, 7821314, 8430559, 6665495, 9453806, 5930152, 10739957, 8557400, 8422292, 6569987, 10014851, 6661337, 11436154, 6805715, 6632861, 8586086, 11455292, 4948290, 11464867, 7212335, 8920846, 7701365, 11484029, 6200240, 8412800, 7187417, 7857929, 8629205, 11512802, 4979979, 
11522401, 7566302, 8965604, 7926606, 9393941, 6426977, 9651506, 7752922, 7858057, 6592352, 10893656, 6175439, 11580079, 8301137, 7265192, 6643436, 11599337, 6127034, 11281372, 6680636, 9032951, 8715767, 9306254, 5800765, 9653349, 8233544, 9055456, 7463957, 10671707, 4807121, 11666866, 7735317, 8714531, 8759210, 9808292, 5627430, 10251007, 8425715, 9100550, 6059582, 11363321, 6596510, 11269400, 7037531, 6882467, 8802761, 11351162, 6045449, 10892425, 7278110, 7112936, 8085864, 11232839, 6863567, 9889646, 7908625, 9168401, 7744064, 11435600, 5115149, 11812231, 7136357, 9191074, 7493007, 8661125, 6897566, 11401492, 8139302, 8910301, 7455515, 11860886, 5261330, 10867289, 8904800, 7155040, 7687895, 11890127, 6695147, 9631850, 6573326, 9259261, 8934062, 11283500, 5696576, 10012307, 7833719, 8910904, 7301207, 11948717, 5822744, 11625856, 8219789, 8135579, 8978045, 9129362, 5687000, 11650181, 8606630, 8821040, 6020416, 
10780787, 6507911, 12017254, 8065876, 7540607, 8242916, 10550072, 6424611, 12046687, 7578617, 9373466, 8032127, 11398297, 5539196, 10135724, 8300672, 8567591, 9066335, 12095822, 5186381, 9830209, 8626352, 9109222, 8327721, 10058687, 7068821, 11246146, 6517532, 8983685, 6991394, 12154916, 6251372, 12164779, 9125435, 6836162, 8171570, 12184517, 7103324, 11163992, 6219791, 9007891, 8014577, 12214154, 6288440, 9619565, 9169886, 8898572, 8409132, 10611101, 5291537, 12253726, 8224675, 8793649, 9199580, 10301456, 5666777, 12283447, 8843789, 8505200, 6676667, 11011931, 7172582, 10792420, 7893386, 8028479, 8546531, 12333062, 5962574, 12342997, 6733220, 9603976, 7727099, 12362879, 7207337, 10264482, 8243141, 8082775, 8762450, 11485100, 5503460, 11678531, 8945087, 8799914, 7241609, 10426637, 6995450, 12432592, 8080001, 9673675, 7827845, 10148366, 6002189, 12462529, 8541950, 7656086, 8573142, 11817551, 6022517, 12492502, 6998702, 
9720281, 9011552, 12512504, 6435897, 7868291, 9393761, 9743626, 8349674, 12542537, 6112922, 12552556, 7535600, 9445637, 8953367, 9812030, 5729987, 12096221, 8726924, 8560892, 7247741, 12602711, 6872177, 12612754, 8364360, 8065341, 8289734, 11565812, 6743006, 12267455, 7953971, 8652820, 7824044, 11099225, 7382372, 9929336, 8711027, 9328547, 8693465, 12693242, 4709597, 12529371, 9529382, 9654684, 8041776, 10679267, 7178903, 11037604, 8546917, 8287871, 7893932, 12753776, 6807609, 12292459, 7985423, 8322626, 8415577, 11848241, 7199312, 12794212, 6499994, 8705071, 9605147, 12460214, 6668806, 10764149, 9030704, 9650414, 7705407, 12418895, 5847881, 11769386, 8564792, 9403517, 9278042, 9106820, 6507386, 12885427, 9665975, 10025950, 7225355, 12905741, 6059582, 10865264, 8402741, 8106809, 9696461, 12936242, 6590609, 11347765, 8145050, 10073396, 8343990, 11871839, 7302341, 10892102, 7091926, 10097161, 9742280, 12997352, 5475971, 
13007551, 9757577, 8569492, 7715777, 10934921, 7096226, 13038172, 8961992, 9358535, 7120607, 12363950, 6519467, 13068829, 9803540, 7595564, 8990097, 10606187, 7630949, 13099522, 7340036, 9857387, 9093362, 12732500, 6060786, 10683731, 9000491, 10216406, 8820182, 12550025, 5910062, 11535976, 9046439, 9740147, 9275585, 10159706, 6788786, 12078077, 8663834, 9926866, 7599092, 12837971, 7702727, 12785470, 8875351, 7566311, 9505976, 13243232, 5846759, 12548827, 8211221, 9651506, 7445042, 13274129, 7738742, 11150276, 9131282, 9925589, 9972995, 10555490, 5711024, 12341221, 9552344, 10360424, 9159651, 11193599, 6456515, 13346362, 8006135, 10384525, 7562930, 13367036, 7135244, 11725735, 9279407, 8056484, 8986205, 12905057, 7811024, 13408432, 6620345, 9515531, 10066037, 13066274, 6719626, 10494257, 10081586, 8104576, 9245022, 13460267, 6561419, 12952310, 8168990, 10136767, 8688686, 11324072, 7201695, 13501807, 9625649, 10505450, 6993644, 
11853101, 7217612, 12125874, 9302156, 8824631, 9586679, 13130462, 6024967, 13564237, 8534012, 10135090, 9330789, 12591479, 7182977, 9956930, 9017991, 10091477, 10206410, 12823220, 5727992, 13005311, 8949827, 10602694, 9153776, 9918017, 7291316, 13658152, 9388187, 8927381, 8599721, 13679066, 7046141, 13689529, 10269110, 8926796, 7166660, 13710467, 7641317, 12345526, 7689497, 10675921, 10300532, 11915822, 6695189, 11543207, 9923141, 9333824, 8962322, 13244177, 5878982, 13406180, 8722214, 10039439, 9939515, 11587286, 6894556, 12109897, 9471020, 10749400, 7958759, 13836431, 8066657, 13111690, 7952270, 8112269, 10395086, 13235996, 7402896, 12707447, 8006135, 9444026, 9322895, 13899629, 7828466, 11543016, 9561437, 10823131, 8232845, 13931282, 5572256, 13941841, 9869654, 10491482, 9590466, 10226927, 8140451, 13160102, 9379612, 10378505, 8447702, 11615096, 6320859, 13629475, 10505945, 9132890, 9339251, 14026457, 8177474, 12304300, 7900184, 
9739657, 9630527, 14058254, 6450581, 11808941, 9240464, 10417376, 9677817, 14090087, 6577295, 13688546, 9294959, 8469689, 10585490, 11853524, 7538570, 13099531, 10601435, 10560656, 6659174, 13330181, 8251772, 14164504, 8931621, 9064619, 10633361, 12434762, 6952262, 14007241, 8115566, 11045836, 9252744, 14217779, 7225355, 10854302, 8862107, 10707239, 10029884, 13493792, 6332981, 12367537, 10697357, 10238834, 9467405, 11987777, 7373786, 14292532, 8582822, 11120575, 8864555, 14313926, 7450804, 13924229, 10745480, 7518830, 9072795, 13135907, 7790045, 13703450, 7941497, 11170541, 9436802, 13851884, 7398782, 11379155, 10793711, 11195566, 8736977, 11554337, 7025792, 13973936, 9253745, 10776721, 10825925, 11764474, 6575496, 13686901, 10842050, 10259120, 8326742, 14474891, 7283309, 12697750, 9723526, 9446441, 10874336, 14507192, 7744391, 13673615, 7346147, 10925192, 9681422, 14539529, 7947482, 11221340, 9377792, 9901847, 10922855, 14571902, 6127221, 
13352801, 10511372, 11346304, 8763981, 11514731, 7902941, 14615122, 9056922, 10998331, 9202442, 12830276, 7012814, 14647579, 10987715, 9099668, 9839540, 14669237, 7109642, 14680072, 8451251, 10541059, 11020217, 12318170, 7575215, 10428597, 11036486, 10882792, 9545036, 14338307, 7184111, 14745166, 8609869, 11472689, 8966192, 12395072, 7599411, 14777767, 11085365, 9802216, 7828412, 14799521, 8628302, 14810404, 10180286, 8596151, 9735179, 13748726, 7721102, 14843077, 9200600, 10936244, 9671855, 12101555, 8287871, 12486506, 8835656, 10838237, 11167070, 14483900, 5458184, 14458711, 11183447, 11219212, 10014851, 12532349, 8704616, 11863292, 10270277, 11625275, 9407885, 14963186, 7145205, 13880449, 8927510, 9586140, 10036626, 14996027, 7933559, 15006982, 8412800, 9561287, 11265512, 15028904, 8023131, 12624287, 10435241, 11153846, 8801627, 13791917, 7034612, 13528092, 10360664, 11727559, 10887215, 11058590, 7858057, 14419841, 11331380, 10357526, 7949321, 
15127751, 7689497, 15138754, 9868931, 9872741, 11364386, 15160772, 7388882, 13299535, 8784059, 10770386, 9306254, 14698325, 8858252, 12762824, 9131975, 11442289, 10938785, 15226922, 6372230, 15237961, 10448042, 10370504, 10481796, 11165291, 8595785, 15271102, 10251007, 11180257, 8347784, 15293216, 8164349, 14014139, 11480285, 9425084, 10162016, 13296179, 8194694, 14752292, 8830322, 11933471, 10813667, 14662694, 6259790, 12902117, 11105924, 11693854, 9917331, 14832227, 7292177, 12357706, 10265387, 11592227, 11563430, 11772716, 8235420, 15437347, 10140239, 11249102, 8661125, 15053681, 8620994, 15470704, 9794681, 8713499, 10206671, 14673026, 7771061, 15504097, 9755330, 11667562, 9318810, 15526379, 9052187, 12896574, 9631850, 10303409, 11663600, 13639880, 6559361, 15570991, 11680337, 12115114, 10384232, 13089017, 7566752, 15096892, 9769832, 11226755, 8936519, 15626846, 8135579, 12695729, 11730620, 10198640, 10756917, 15063671, 8821607, 14350802, 7650625, 
12193381, 11764202, 14548484, 8378486, 12327935, 11781011, 10272980, 10550072, 15318137, 6681812, 15166456, 10208699, 12245699, 10345865, 13230074, 7342655, 15288377, 11616542, 12271900, 9087656, 12545831, 9208847, 15806254, 9830209, 9928391, 11357204, 14910032, 7322277, 14683975, 9966821, 12324386, 9699347, 15387509, 8935616, 11184674, 10911302, 12350671, 11915915, 15896342, 6836162, 15907621, 9427772, 10412966, 10220711, 13371887, 9287681, 15941482, 10623974, 10849997, 9891446, 15964076, 8217402, 15975379, 10954535, 9381614, 9338375, 15997997, 8735864, 16009312, 9217709, 11099225, 11346269, 14053970, 8182682, 12245909, 12034586, 12482516, 10165986, 16065947, 6665495, 15636326, 10792420, 11929369, 12068600, 13364432, 7722215, 14123587, 11352569, 12124696, 8925431, 13651229, 9406562, 16145404, 9394622, 10529831, 12119711, 14514812, 8082775, 16179517, 10180580, 11012236, 11129289, 16202279, 8666165, 12678530, 10695962, 12119059, 9543614, 15739652, 6880066, 
16247851, 12188027, 12641654, 10148366, 11922761, 9165830, 15094216, 11191967, 11560595, 10252337, 16304906, 7025792, 15696185, 12239390, 10249922, 11223372, 16339187, 9526199, 13325722, 7868291, 12721601, 12273692, 15939200, 8294435, 13601487, 10763309, 12079022, 10881215, 15456305, 8002166, 15036116, 11286314, 10060639, 11878115, 13030742, 8560892, 16453717, 11653940, 12801800, 8150027, 16476671, 8257235, 16488154, 10988717, 10753565, 10860350, 14474252, 8815076, 16522627, 9902471, 12231146, 11099225, 15151889, 8412800, 13898336, 11381057, 12126251, 12428645, 15370850, 6996182, 14544901, 11988542, 12093764, 10397426, 13946699, 9393941, 16199446, 9713722, 12512351, 10469120, 16017320, 8057319, 15907379, 12497825, 8703566, 10585328, 16229081, 9306932, 16695532, 9110756, 12423191, 10787585, 16718654, 8705071, 12912701, 11473016, 12590614, 11507997, 14686715, 8171069, 16764946, 11126412, 13043909, 12584570, 13185092, 7314236, 14106047, 11658899, 13070950, 9106820, 
16822901, 9808292, 14757880, 11571731, 10378505, 12636761, 16857722, 8032469, 16324585, 9220082, 12118124, 11603664, 16892579, 8567969, 14189774, 11347765, 11506177, 12689060, 14884046, 7529561, 16939111, 12236117, 12747872, 9218491, 14081849, 9889646, 16974052, 11075642, 12585647, 9639851, 14051720, 8569492, 16111225, 12758960, 11093576, 11699727, 15790511, 8661125, 17044042, 9438944, 11588567, 12170282, 17067404, 9112296, 12516935, 12322919, 13288286, 10606187, 17102477, 7484426, 17114176, 9004265, 13315579, 12846605, 14385746, 8751621, 17149297, 12318170, 10949026, 9881834, 17172731, 10012307, 14298854, 11535976, 10173209, 11296724, 17207912, 8859549, 17219647, 10835465, 12613654, 11484617, 15116285, 9129362, 14082212, 10929320, 12985589, 12952175, 17278382, 6640211, 17290141, 12185492, 12862784, 11893041, 13220267, 9659747, 14699658, 11075669, 12446725, 10058990, 16834916, 9262754, 16918799, 11404955, 10908356, 10555490, 17384357, 10135724, 16388600, 9808607, 
11841491, 12081857, 17419754, 8558636, 14632601, 13075886, 12378776, 10479552, 16534487, 8514167, 16678526, 11725735, 12934849, 13111340, 11974232, 8545037, 17047447, 12003485, 13617650, 9559610, 16893461, 8510324, 17538004, 12055346, 11238231, 13164611, 17561702, 8104576, 14098761, 11058296, 13225502, 12087939, 16578335, 9619565, 14781722, 10136111, 13700621, 13217990, 17632892, 7012814, 16358851, 13235807, 12010954, 11853101, 14008397, 10301456, 16748176, 12153257, 13305961, 9174029, 16213826, 8898964, 17716129, 12296162, 11555156, 12185982, 14530367, 9994637, 17287862, 9956930, 13811641, 12182972, 17322680, 8229491, 14931599, 12601649, 11722484, 11863724, 17307245, 8688362, 15625276, 12251564, 12657719, 12813287, 14818022, 8927381, 17331841, 11537642, 13895200, 9193685, 17883191, 10426637, 17250034, 10348475, 9446735, 12940106, 17919092, 9567366, 17447675, 11283395, 13951046, 10486604, 16646789, 9839540, 13721432, 12350267, 13979011, 13486505, 15772250, 7793069, 
16961081, 13504502, 12571826, 11626500, 15132611, 7868291, 18039022, 12109897, 14035025, 11358932, 18063056, 9301067, 15845995, 13005605, 11789474, 11813225, 16575797, 9812030, 16791700, 8974466, 13540165, 13594667, 17179670, 9444026, 15067581, 12952076, 12067094, 11375447, 18171407, 8498795, 17600266, 10913306, 14147389, 11953850, 14249372, 9721520, 18219667, 13667015, 12394316, 10226927, 15994001, 9929336, 18255904, 12548861, 10743275, 13703261, 18280082, 8032422, 17467925, 10488512, 14231956, 11761250, 18316379, 10679267, 13435286, 12304300, 13793839, 12730424, 17892200, 8166659, 15476675, 12065177, 13679894, 12248987, 15436649, 10360820, 18401212, 12030992, 11871591, 11587055, 17083406, 8469689, 18437629, 13830500, 11536764, 10758171, 17982731, 10764149, 18474082, 9835697, 14373461, 13866962, 14708000, 8897796, 15538667, 13047899, 14401846, 12434762, 18534917, 7708460, 18547096, 12749039, 13958417, 12729425, 14676890, 9577796, 14929837, 13940030, 13617272, 10490596, 
18608051, 10385069, 17543390, 10884139, 10875281, 13473896, 17974352, 9955061, 18094487, 10697117, 12214000, 12393377, 18681329, 10892102, 15692324, 11711222, 14544191, 11216615, 18012422, 7518830, 18730261, 14049992, 13458904, 12883371, 13678561, 10934921, 17187962, 12509249, 14031371, 11817446, 18791516, 8702964, 18803779, 14105135, 12265166, 11554337, 16899383, 9455702, 16517440, 10850417, 13899659, 13610597, 18865154, 9786711, 15846737, 12402254, 14207114, 12327926, 15745295, 8977091, 18914326, 12697750, 12876329, 13341920, 15898376, 9283467, 18419027, 14215745, 14744650, 8569922, 18489881, 10159706, 18988204, 12333536, 11934437, 14252711, 16668542, 9901847, 18342097, 11972300, 12823766, 13086189, 19049879, 9419285, 14028186, 12654966, 14144981, 14308250, 18477380, 8494910, 16744351, 13100387, 14280256, 12830276, 16053797, 11150276, 18275576, 10136627, 14888675, 12050105, 18585146, 9424409, 17560589, 13586402, 10818392, 13188192, 19198307, 11193599, 19210702, 10428597, 
13201895, 12629552, 19235504, 9243581, 15069191, 13832789, 14975426, 12716902, 16896485, 8735864, 19285156, 13256414, 14133487, 13395947, 14751734, 8626510, 19322437, 14494160, 14542126, 11135471, 19347311, 10494257, 16811152, 12904772, 12412565, 13287866, 17973596, 9983474, 19397107, 10609799, 14412346, 12101555, 18548849, 11324072, 15425456, 13359077, 11743967, 14587565, 18335090, 7881479, 19231603, 14606282, 15149684, 11708406, 16366907, 10985765, 19509382, 11863292, 15178825, 12207032, 15951044, 10430459, 17676247, 14155817, 12286712, 11834141, 19571897, 9956930, 17937212, 11279384, 15237191, 14106047, 19609454, 9561287, 14386145, 13621556, 15266416, 13496577, 19647047, 8395097, 19659586, 11474612, 13663787, 14756450, 16346636, 10510770, 19697227, 14249099, 11979650, 11058590, 18063641, 11112950, 19233064, 13565591, 12873011, 12974369, 19760042, 10193054, 18733117, 11463134, 14784590, 11589034, 16273415, 11543207, 16630142, 13299535, 15412961, 14350424, 19835552, 7516207, 
19848151, 14170397, 14099054, 13186340, 15352481, 11587286, 16182212, 12841406, 14966381, 12522227, 19911206, 10370504, 19413545, 11748740, 12996344, 13704147, 19949087, 10429589, 19468922, 11065667, 13287775, 14357174, 19987004, 9785276, 14660159, 15002111, 13945180, 11701397, 20024957, 9770576, 18579616, 13773689, 15589739, 15040085, 14710322, 9245801, 20075617, 15059090, 15619300, 11569982, 18940331, 10226927, 20113654, 12357706, 12423191, 14263484, 18445592, 10324969, 17667475, 12506345, 14958794, 13441712, 20177129, 11369516, 16041596, 12133160, 14510647, 13133687, 20215262, 8713499, 20227981, 15173372, 13247462, 13248021, 15929435, 11808941, 20266162, 13456125, 14396645, 10390496, 19380836, 10298096, 20304379, 15230675, 12441566, 13639880, 17823737, 11853524, 20342632, 10423067, 15310177, 15268937, 18886394, 8827277, 17109257, 14673026, 15856796, 14018472, 20406467, 9551777, 16244906, 12695729, 15886609, 14588672, 17162912, 9919025, 20457607, 13441349, 15164062, 11381506, 
19833041, 10854302, 19419460, 14088806, 11570591, 15384011, 19924886, 10272980, 17422997, 12922592, 15976216, 12348375, 18500849, 11987777, 17270474, 13714286, 14396519, 15441710, 17891066, 9170816, 20611411, 13645055, 16036094, 12545831, 17139077, 9631850, 20649952, 14194637, 16066075, 13003421, 20149490, 10573182, 18138325, 15518810, 11161994, 14230002, 20096507, 11379155, 20151590, 9843152, 15194729, 15557432, 19555400, 10690037, 17432447, 14245241, 14138422, 12497279, 20791577, 9885194, 20804476, 14300864, 15557501, 13677935, 17486606, 10849997, 19091057, 15634820, 16216400, 10815305, 16779611, 11759855, 19945634, 13792916, 13621829, 15140066, 20124596, 8978624, 20920747, 13165835, 15745412, 14053970, 20946629, 11221340, 14931600, 14407487, 15290867, 15170225, 17722982, 8835656, 20998441, 13797002, 16337164, 14443116, 17649587, 11514731, 19507486, 14123587, 13779931, 11968520, 21063296, 11247429, 20465179, 14861165, 13748690, 11938499, 20589041, 11328158, 20595700, 11243634, 
15001151, 15848627, 18535430, 11012236, 17758661, 15868136, 15819514, 14550267, 20231075, 8827277, 19970906, 12650837, 15233789, 15907190, 17813324, 10930926, 17654725, 15926735, 15834830, 11922761, 21258461, 12395072, 19483664, 12784481, 12918977, 14777861, 20763362, 10436927, 21310657, 13411346, 14509856, 13861634, 20746415, 11011931, 17922902, 13325722, 16610521, 14036684, 19821800, 9518471, 20626771, 16044257, 16097992, 14267642, 13681805, 12486506, 21428332, 14729732, 15970007, 13309727, 21454526, 8853937, 21467629, 15435212, 12781724, 13463357, 20975771, 12532349, 18856210, 11768432, 16142521, 15174842, 21533204, 11498526, 16651499, 13939085, 15308066, 14474252, 21572597, 10101326, 21585736, 14117219, 14697379, 15309977, 17950274, 11151851, 21625177, 13253234, 15045986, 10742540, 21651491, 12624287, 20854670, 14544901, 14132801, 15662084, 19017632, 11014119, 19880267, 13659125, 15687130, 14347309, 20590805, 11058590, 18253652, 13983470, 16364989, 16320155, 21770102, 8703566, 
17887721, 16339952, 16198004, 13818591, 18309071, 12290555, 21822922, 12584660, 16978525, 13742222, 20013356, 10736072, 20602355, 16399415, 12067094, 14686715, 20297981, 12762824, 21902272, 12616181, 17040251, 12937217, 21236690, 10561571, 17949449, 16458986, 16723074, 15091962, 19261055, 9450851, 20829190, 14757880, 14974067, 15840500, 18475832, 10202847, 22021567, 16518665, 17133050, 12221969, 21224585, 12113042, 17745004, 13828436, 14391815, 16558511, 19996334, 11506177, 21550477, 11526344, 16634182, 15201489, 22127879, 12902117, 17051276, 13718896, 15076037, 16618370, 22167812, 9391652, 22181131, 16638347, 17257174, 12331820, 17664329, 11772716, 21662456, 15274727, 14728249, 12984017, 19506026, 11481026, 22261129, 16128410, 14283476, 15311412, 20415287, 10847417, 22301182, 12516935, 16273121, 15494252, 21666944, 11923181, 16385387, 16758461, 16814864, 13001930, 22368017, 10916294, 22381396, 13452830, 16525919, 16798595, 17320790, 10949026, 21715237, 15812024, 13581572, 12674107, 
22448351, 13089017, 22461754, 14974727, 14124947, 14768114, 21310076, 10922412, 22501987, 12800687, 17506766, 15116285, 19573967, 12696266, 17666240, 14659145, 17538091, 16919285, 22569122, 8631326, 18847301, 16939442, 16748624, 15171646, 18780227, 12327935, 19235212, 14699658, 17600825, 14246096, 22060136, 10166657, 22663279, 13498625, 14784746, 15118196, 22690217, 13230074, 21688700, 13078412, 14876345, 17040407, 20821214, 11841491, 17903057, 17060636, 16351472, 13679397, 21459575, 10683731, 22129426, 15132207, 17726629, 15641510, 16731236, 12181670, 21974171, 16440995, 17179156, 11974232, 22852181, 11184674, 22865704, 14776955, 13388099, 16135529, 22338362, 11281127, 20083645, 14416070, 17080396, 15755064, 21267299, 13371887, 19061046, 12407715, 17162399, 17222900, 22974032, 10233185, 22987591, 17243237, 14092670, 15057356, 18222341, 11679152, 21094052, 15829622, 17129935, 12614459, 23055446, 12010954, 23069029, 16704812, 14507966, 15866967, 20250227, 12245909, 21431050, 12160922, 
17979581, 16393514, 23137004, 10473876, 19435091, 16755431, 18011326, 14530367, 21231137, 11312312, 20151742, 14706269, 17454937, 17406365, 18464450, 11883176, 21894737, 15266054, 18074900, 11935886, 22041695, 13108565, 23273254, 15625276, 12310449, 17467736, 23300552, 12442931, 23314207, 14672921, 15391760, 13459667, 23341529, 12678530, 19606892, 16054352, 17436647, 16227599, 20501390, 9446735, 23396221, 16052432, 18202384, 15305945, 19160831, 11922761, 22746722, 15488867, 17640011, 14561690, 19951796, 12530634, 18693455, 16771307, 15316886, 15772250, 23505797, 13130462, 22346794, 11889917, 18298291, 17056337, 23546954, 10430060, 19779449, 17673086, 15440290, 15166652, 23588147, 11512967, 23601886, 15845995, 17536817, 15518120, 18066416, 12175631, 21052209, 16762925, 18394450, 12958901, 20754101, 13030742, 23684404, 16280666, 14106047, 16259891, 23147462, 10619732, 23446671, 13634744, 18458696, 16318539, 23168639, 13387091, 17433770, 15845801, 16111911, 17838230, 23794652, 10169660, 
23236231, 14315711, 16391036, 15994001, 20010701, 13898336, 23849872, 14952977, 15905621, 15018917, 23877506, 11949489, 23045509, 17921090, 15586484, 12735762, 23918987, 13946699, 20196950, 13435286, 18013087, 17962592, 19697204, 12795591, 19916007, 17983361, 18652106, 15993374, 21760481, 9171320, 23122940, 16508564, 18684439, 18024935, 18933086, 11871591, 21093457, 18045740, 17994386, 13867277, 22062971, 12912701, 23477234, 13671270, 15722165, 17226086, 24126932, 12432624, 24140827, 14991515, 16439266, 14708000, 22778165, 13185092, 18698936, 15858035, 18201089, 15666107, 24210362, 10218191, 24224281, 17873108, 17214824, 16661376, 17790455, 13338371, 24266062, 14929837, 17924225, 14111780, 24293936, 11268989, 23036395, 16678805, 14794056, 16076032, 24335777, 14189774, 21349780, 14027822, 17508719, 18275387, 24377654, 12214000, 18651497, 16028444, 17803832, 16776447, 23512367, 11919569, 24433546, 14868536, 15676747, 16977902, 20535932, 11782040, 24475507, 18359255, 19041950, 12037915, 
24503501, 13810370, 23850320, 15776261, 15995291, 17675501, 18307064, 12566859, 23858725, 15457082, 17167322, 16891914, 24587579, 12516935, 19489334, 16517440, 19140041, 16366910, 24629672, 9919025, 20091299, 18485417, 19172794, 16440197, 20496401, 14385746, 24685852, 14840612, 16829321, 14402399, 24137390, 12876329, 22933069, 18548660, 13978892, 17007777, 23881547, 12664607, 24770242, 12730757, 19271221, 16286702, 24798404, 13243346, 20830667, 17231771, 18002666, 16668542, 20331497, 11832692, 22768376, 16309079, 19336979, 18654305, 19512266, 10957766, 24897097, 18675470, 17903260, 14351684, 23814551, 13220267, 21867070, 16744351, 15687767, 18717836, 24187952, 12294321, 24981847, 13681805, 19435826, 14637032, 22910789, 13973936, 20789724, 16370162, 17041567, 18781475, 25052582, 10818392, 24479221, 18802712, 18866782, 13309511, 19407791, 14632601, 23796826, 16741499, 18329357, 15812150, 22040876, 12954662, 24415619, 18866495, 14742410, 16896485, 24497057, 11974232, 24305152, 14244401, 
18846065, 18291317, 25222754, 12741481, 17935187, 15590894, 18644672, 17357742, 25265387, 11842205, 23445046, 14794774, 19667449, 18973040, 21246824, 13515695, 23196947, 18994385, 16599656, 14064152, 25350761, 14781722, 23907020, 16089596, 15631711, 16677959, 25393502, 11743967, 25407757, 14868536, 19767136, 17475189, 22302875, 14008397, 21366482, 16906641, 17530699, 18450374, 22970042, 9490982, 24698491, 19122707, 19833734, 15951044, 21426437, 14384990, 22390552, 17553707, 19867075, 13619201, 25564826, 13198721, 24440189, 16567436, 15834830, 17593032, 24136067, 14931599, 25622062, 14386145, 15552821, 19229972, 21890432, 13219707, 21546599, 19251461, 19967266, 15029597, 25085045, 12542702, 25106036, 16121474, 19349597, 18145355, 18381662, 11979650, 25751077, 18621344, 20034200, 14844407, 25047731, 12101555, 23629514, 17198582, 16828781, 19359086, 25822892, 13790816, 20803207, 16261655, 18010220, 16273415, 25866029, 13721432, 21727472, 15560045, 20134811, 18797405, 24756050, 10853212, 
24569605, 18004682, 17654704, 17829906, 19849631, 15132611, 25966822, 16182212, 19273097, 14231732, 25995656, 13883139, 26010079, 19510265, 15382154, 15573911, 22831517, 14676692, 26053372, 14299478, 19369319, 18626927, 25163534, 11694001, 20548501, 19575236, 17797574, 16564521, 26125607, 12753941, 22920226, 17283134, 20336789, 19618610, 21969812, 13306596, 26183467, 15485999, 19211602, 14710322, 24310901, 14249372, 26226904, 18028511, 13963541, 19683761, 26255882, 13556624, 24066077, 15879110, 20438156, 15403482, 26299379, 13374281, 22091486, 17667475, 19660001, 18671720, 21488240, 10850879, 25685591, 19770797, 19717436, 17519975, 22152449, 13435286, 23961724, 17185526, 20539775, 16625795, 24212486, 13247462, 23187385, 19836200, 16982256, 17031515, 25091651, 15436649, 25508282, 12121421, 19937027, 18186962, 26517404, 14161956, 21144407, 19901711, 18069482, 17823737, 25735565, 12555302, 25393856, 18268289, 16651499, 17474405, 22335842, 13113062, 26619457, 19280930, 20035786, 15063934, 
23166677, 15538667, 26035990, 16244906, 17396201, 18529376, 26692472, 11728745, 26707087, 15539297, 20777866, 17817602, 26115149, 14676890, 17189960, 17527472, 20012269, 20076935, 24837950, 11570591, 26794861, 17608952, 20846144, 18429021, 22287599, 13538615, 25297682, 17830740, 18278677, 16901546, 26868116, 13074254, 26882779, 19065827, 16913684, 15745160, 22876601, 15692324, 26143592, 15514307, 20948771, 20208857, 23636090, 12767801, 20865065, 20230886, 20082136, 16924892, 27000227, 11493521, 27014926, 18138325, 18903931, 20274980, 22704896, 14443545, 23726347, 18794549, 19233470, 14538479, 25533281, 15268880, 26262100, 16296506, 17683439, 19515659, 26443766, 14138422, 27147397, 15465020, 16610836, 17568975, 26550479, 15846737, 22285442, 18131216, 21154781, 16393514, 26489180, 11561666, 24567141, 20429687, 20128154, 16779611, 20006417, 15898376, 26659616, 18752597, 20533241, 17179565, 25885010, 11409857, 27324529, 20496170, 16313252, 18376056, 25370651, 15288377, 23794876, 14931600, 
21292681, 20540552, 25100264, 14632811, 23014751, 17297675, 20633464, 18289049, 26479037, 11874146, 27457756, 17677160, 18700679, 18853295, 23076974, 13779931, 27502237, 20629460, 21396400, 13692641, 26732711, 16053797, 25549474, 17760392, 15816779, 19995854, 24180212, 14727906, 23737487, 17366171, 21465686, 18535430, 27621029, 13467794, 23201672, 16191071, 20635507, 20740865, 26885450, 11701274, 24271501, 20433782, 20834642, 19038036, 23264147, 15069191, 25399742, 15493825, 19941905, 17234420, 27754976, 13722209, 26744855, 20830205, 15710846, 18460466, 27799697, 14751734, 27814612, 16026434, 20935597, 16617587, 26246630, 14509856, 23389349, 20897336, 20445716, 19161027, 22225475, 13079651, 26924986, 18606767, 20871869, 20196950, 20735540, 12967532, 27949027, 20964575, 20909896, 13681805, 27978941, 15425456, 24546400, 19243241, 18264971, 19866389, 28023842, 13077394, 28038817, 15364094, 19931216, 19284414, 27389135, 16366907, 23577782, 18856210, 17493977, 20082524, 28113752, 12532559, 
26089711, 18742427, 21026954, 16261160, 22196045, 15739652, 28173772, 19366892, 21918775, 17742407, 23300174, 14697379, 25852289, 18576476, 17756582, 19408197, 28248887, 14386145, 27617650, 15511955, 20891189, 21212042, 28294004, 12773492, 20241111, 20557571, 20362822, 19017632, 28339157, 13836596, 26727656, 17049995, 20615599, 21279785, 21716762, 14659061, 28399417, 21302390, 19342712, 14742536, 28429571, 16025585, 26962030, 17887721, 18559265, 17140010, 28474832, 14010497, 28489927, 17701757, 21444032, 18694715, 22977029, 16630142, 23956916, 19615382, 20284751, 21415595, 28565462, 10619732, 28580581, 20272844, 22235224, 18746151, 22453295, 15352481, 23577782, 17149334, 20853003, 18027230, 27990956, 15304944, 28671379, 18843095, 18419174, 19261055, 28701677, 16179122, 24023120, 16546877, 18632653, 20273117, 28747154, 14732652, 22968257, 21574586, 21519254, 17304942, 28792667, 12409079, 28807846, 17745004, 22412009, 21620120, 20538326, 14866341, 28193027, 20769305, 21071642, 15279107, 
26461901, 14710322, 28899004, 19865456, 16986701, 21688511, 28929422, 15076037, 25380385, 18218372, 21648764, 18166649, 27690059, 15966185, 24339074, 16029605, 22553941, 20148674, 27508772, 12938426, 29036011, 21008747, 17601642, 19506026, 23834941, 16041596, 28010696, 19991087, 22625075, 15946529, 27002666, 14379134, 27457385, 19990490, 19005116, 18981320, 25567607, 15929435, 29173342, 16385387, 21827215, 21894332, 29203904, 12699495, 22357787, 21917261, 22731986, 19425545, 29249777, 13014320, 25661476, 20117114, 22767679, 21231347, 24595526, 13581572, 25067641, 19263764, 20612846, 16898459, 28559171, 17109257, 28698010, 19576337, 16614749, 22032086, 24863612, 14955254, 29402947, 16928447, 22874926, 17226209, 29433629, 17162912, 24472152, 19055537, 22166089, 20221925, 25849730, 12845081, 29495041, 21083342, 21217844, 19004486, 23535131, 14404205, 29541142, 19235212, 21001145, 18603680, 29571896, 15794279, 25729897, 22193345, 17722982, 17893526, 28788221, 17270474, 29633452, 13677032, 
21643031, 22239527, 29664254, 14876345, 23545841, 22262636, 20215612, 19522157, 27557975, 14507357, 27233906, 19752702, 22374587, 17986406, 24982724, 15893070, 29772187, 21008579, 22180610, 16731236, 26133401, 14298854, 29818504, 20497571, 19159515, 22378361, 29849402, 13047899, 29148557, 18797846, 22479202, 20540064, 25375655, 17432447, 19351742, 20083645, 23270321, 21740324, 29261792, 12731219, 29957671, 19422695, 22288802, 18326376, 25177457, 17486606, 29293492, 19042766, 19298981, 18183827, 28704566, 14092670, 30050629, 22540880, 17646836, 18081135, 30081647, 16957787, 30097162, 16721492, 21651949, 22587422, 26418620, 16091576, 25307699, 20688791, 22689164, 20250227, 28445645, 12638840, 28618720, 19777445, 23487419, 20169221, 25115066, 15124011, 24106037, 22680650, 23523700, 17432762, 29210591, 17649587, 29436934, 17734684, 19059359, 21381224, 28118936, 14628191, 30330367, 17730185, 20273600, 20236397, 30361529, 17115716, 25503692, 20881592, 22459847, 19975199, 27859502, 12310449, 
29305805, 22085312, 21573954, 20924481, 22352411, 17758661, 29533282, 19994552, 22368917, 17381102, 29815076, 13431072, 28307179, 22891115, 19912694, 20501390, 30548837, 17813324, 26801320, 15986471, 20864837, 22938017, 30595754, 15804590, 25439649, 18298586, 23814956, 19821456, 30642707, 14008397, 29776766, 18693455, 20882929, 23008460, 25766192, 16391645, 28946327, 23031965, 21179536, 15067322, 30736721, 17922902, 26196944, 20212946, 20066015, 23079011, 25242914, 15440290, 29982425, 19141280, 23961256, 19559139, 30830879, 13681805, 25897946, 20570531, 22914637, 23149670, 29744012, 13769564, 27090151, 23173247, 24034574, 20754101, 22124519, 15911942, 30940912, 18608057, 23153995, 19485365, 29198306, 15685499, 30988129, 22348190, 17077042, 19452362, 31019627, 16651499, 31035382, 17433770, 23192201, 20408252, 31066904, 15815685, 24515411, 23314961, 22099046, 18976640, 26096051, 15193994, 28875676, 21399164, 23431717, 23362295, 26162462, 13997855, 30400061, 21399080, 24255200, 17660077, 
31208951, 17593895, 27380530, 18390117, 18680981, 22709894, 31256372, 16694486, 28651487, 17143907, 23399840, 19697204, 30405269, 18253652, 26295224, 21529547, 19209971, 22680329, 31351322, 12157331, 31022553, 22136342, 23029192, 18874356, 26095067, 18309071, 31414702, 21093457, 23646071, 18105476, 25074956, 16796049, 31462279, 23599685, 19711304, 20338161, 31494017, 15508532, 29705540, 18158102, 24513871, 20613533, 28682462, 16439266, 23163305, 22722944, 23753614, 21704007, 31589327, 15082169, 31605226, 18275882, 22471229, 22923950, 25291676, 14379866, 30945331, 22630199, 21561082, 17790455, 30037025, 18475832, 31700704, 19890701, 19660001, 20845949, 30626642, 16272134, 29449825, 19984010, 24699476, 21835314, 25960799, 17916341, 23508302, 21349780, 24736681, 23862200, 31126232, 11924567, 30435971, 22123577, 23969432, 21247007, 26762537, 17051276, 27740554, 21923072, 24811175, 18600719, 31175246, 15676747, 31940029, 20992880, 18936320, 21967017, 29293067, 17664329, 30324802, 17780176, 
20987935, 24006002, 31224404, 15869354, 26896811, 24030011, 23403062, 16111262, 32068037, 15051110, 32084056, 22055039, 24960499, 24078065, 23574170, 16592216, 32132137, 22798010, 22121246, 18526316, 29835731, 16385387, 31458974, 20091299, 20683961, 24150236, 30788336, 16609599, 26681995, 18381101, 25072786, 21429467, 31078145, 17320790, 27098852, 18962576, 22628225, 24222515, 32308742, 13978892, 27378761, 24246632, 22019204, 22231611, 27166367, 18094487, 30029626, 21589349, 25185325, 17037482, 31696796, 15645284, 32421379, 24319055, 20408252, 20331497, 28458497, 17666240, 32469712, 16882289, 25260491, 23393669, 29778914, 14325515, 27301649, 23540114, 25298116, 22364502, 32550347, 15896507, 28557526, 21867070, 21770327, 22364780, 24392960, 17411895, 31681967, 21436769, 25373450, 18136346, 32647241, 18405500, 31890380, 21496976, 17141009, 22704791, 32695742, 17041567, 32711917, 20590700, 23085542, 18655357, 32744279, 17903057, 27505202, 19218596, 25486661, 24585530, 26440292, 14101126, 
32809051, 24609827, 24526534, 22040876, 27573221, 16731236, 29680542, 22586867, 22956161, 20692697, 32890106, 15872819, 26998045, 24682790, 21472364, 22631472, 32938787, 16666817, 31499150, 15783989, 25638001, 23783792, 32987504, 17619641, 25553399, 23293589, 21251224, 21852097, 30268757, 16134206, 32182196, 21398570, 25713839, 21452261, 27777782, 16599656, 32377321, 22998224, 25751800, 17089727, 29055251, 18222341, 31253450, 22107992, 20868131, 24877886, 33182732, 15417672, 31983827, 20637071, 20921114, 22302875, 32076209, 18585146, 24406736, 22855157, 25865851, 24951245, 32330162, 13704737, 33296881, 19738742, 25063162, 21149706, 26463119, 19435091, 33345862, 22390552, 22715417, 19523732, 33378536, 17212157, 30597539, 24288905, 21468066, 19327361, 28566857, 18464450, 33443932, 19273832, 24853511, 25098287, 29123012, 15552821, 28120397, 25122836, 26056496, 21842321, 31784267, 12972047, 33542146, 22369622, 26094709, 23685890, 25702772, 17933570, 29456527, 25196555, 25284836, 18381662, 
32831705, 19606892, 31206184, 20234231, 21951731, 23103041, 32441546, 16041596, 33689737, 21206462, 20830856, 23170164, 32788919, 19160831, 26951054, 20803207, 23045099, 22186904, 33771872, 15064781, 33788311, 25344317, 26286194, 22468310, 24228845, 19067960, 32080276, 20151632, 24348895, 21309971, 33870566, 15492922, 33887029, 24231812, 21026954, 22227827, 33919967, 19779449, 27070070, 18865319, 25403501, 23590742, 33969404, 17517462, 26695715, 20596979, 26439886, 22831517, 33268925, 15175976, 32996416, 23396489, 22336157, 25542005, 26380946, 17272210, 32580581, 25566770, 26516900, 17000330, 31260431, 18135527, 34134454, 22920226, 20496137, 25616336, 29961992, 16664687, 34184047, 21517745, 25731112, 20527952, 34217129, 17433770, 28454676, 23532812, 25523831, 25690775, 32307230, 13963541, 27860311, 24863612, 24378764, 22209765, 28811927, 20010701, 34333042, 19574439, 25693411, 21622010, 34366196, 18356454, 34382779, 21252227, 19478162, 21488240, 34415957, 19403582, 33481000, 19505459, 
26787331, 22643177, 31384568, 17809565, 26399741, 25864886, 23803634, 22647972, 30267335, 16857887, 34532206, 23187385, 25231889, 25914740, 29021024, 14359571, 34582087, 25939685, 25913822, 18006566, 33763601, 18933086, 28683860, 23806646, 21182037, 24777851, 31762262, 18069482, 34681957, 18067550, 26981336, 23852439, 32203919, 19572491, 29160842, 23163746, 23660557, 23853290, 33559292, 15509456, 32976535, 25242887, 25852474, 20387999, 29230877, 18698936, 32840672, 23944157, 23815565, 21665525, 30574226, 16936010, 34882129, 26164730, 22762436, 23990082, 34107707, 17790455, 32405350, 17189960, 26294447, 25307672, 34965704, 17247731, 25682675, 25414169, 27215066, 23342099, 35015897, 16041596, 32099036, 18825164, 27254119, 25487087, 28795942, 18278677, 35082877, 25523600, 21979612, 20229017, 32065127, 18651497, 34378754, 23255831, 20851877, 23104094, 35166692, 18136124, 35183467, 22147115, 27371446, 23636090, 28096265, 20535932, 27985640, 24220367, 26368409, 22051985, 34193450, 13408196, 
34061101, 26466302, 27449804, 22155656, 28964051, 19912505, 30985822, 23726347, 27489025, 21536708, 32810096, 18891989, 34459835, 23258765, 19409072, 23531741, 33580901, 19489334, 35435572, 20422826, 24140351, 26592467, 35469254, 16610836, 29497197, 24360116, 27105264, 20880789, 35519807, 17349161, 35536666, 21730937, 26749507, 26668310, 26115212, 17602932, 29826311, 26693615, 26500142, 20006417, 34050881, 17402294, 35637904, 24498161, 23255915, 25862981, 35671682, 16973954, 29177285, 20726162, 26709190, 24544614, 34953455, 20830667, 28210550, 20940850, 27803801, 26820320, 32777912, 15239417, 35790031, 26845697, 21998134, 22929476, 30077849, 19512266, 35840812, 23506676, 26978501, 18178745, 34886846, 18700679, 34799965, 25471352, 23080040, 22802445, 31259729, 20096507, 35114482, 19771826, 25560581, 26972762, 33920660, 16722206, 30220187, 26998211, 25375604, 24180212, 33421925, 17597444, 31608376, 22623299, 26474627, 26020985, 30291482, 17852657, 34778921, 23725874, 28080700, 19551032, 
36129251, 19407791, 33120014, 24271501, 19995581, 27125636, 35236352, 19325961, 35390635, 21288677, 28160066, 20139760, 36231329, 18352796, 28075604, 24917822, 26489327, 27202235, 31817270, 15710846, 36299461, 27227792, 27323822, 24964671, 26920331, 17935187, 36350602, 22027964, 28279325, 22892846, 34497740, 18541386, 30052679, 25696535, 23754686, 22225475, 36435917, 21246824, 36452992, 18182357, 25173145, 27355757, 36487154, 18724787, 30649217, 27381386, 22268432, 25105482, 35760575, 16351325, 34467206, 24546400, 28438729, 21903620, 29220440, 18172655, 35600611, 25130345, 27397316, 20366357, 32131901, 21366482, 36658204, 25199576, 23922119, 27509711, 34039406, 15395699, 31238897, 23108180, 28558576, 25246689, 36743879, 21426437, 26816652, 24156215, 27671339, 27586850, 35174900, 14089730, 36812491, 24197627, 28638614, 23300174, 28954517, 20350796, 35588872, 23877431, 25114387, 23216225, 33357896, 19070006, 34246489, 27689870, 23244386, 22217520, 36949907, 21546599, 36967102, 20241111, 
27715601, 23045432, 32448080, 19084247, 31081271, 25723901, 27192526, 24619760, 37053137, 15559142, 36278500, 25482914, 24681461, 26992067, 31153574, 19342712, 32553817, 26789060, 25340816, 21405731, 36028991, 20950115, 37173754, 19939541, 23105765, 26395394, 37208252, 19875356, 37225507, 23433071, 24437180, 22977029, 36474365, 21727472, 28546592, 24028505, 29000171, 24514709, 36402050, 15685499, 37329121, 26893634, 27973264, 25672686, 24313727, 19849631, 37380982, 23577782, 27287161, 23255096, 36357176, 17394339, 35295215, 28077905, 24427946, 24978056, 34331357, 19149212, 32872060, 21605084, 29161591, 27298247, 37519454, 18632653, 31516349, 24674024, 27909452, 23573237, 37571447, 17393261, 32356994, 24987897, 25171031, 28207850, 31276412, 19405656, 37640827, 28233875, 26770370, 18074900, 37675541, 21969812, 35739400, 23938811, 23735009, 27378761, 30855962, 19499729, 37745017, 21548930, 29363996, 24883304, 37779779, 17887721, 30274430, 25380385, 27204097, 28364180, 37831952, 16307561, 
30205931, 26863589, 28490752, 23855150, 31808081, 22091486, 37901572, 22801202, 29485775, 21873947, 36626006, 17601642, 37953829, 28468640, 21513524, 26102247, 36317171, 22152449, 38006122, 21138422, 25610267, 24685700, 31900124, 20320416, 31638507, 28547111, 29607806, 25567607, 31585457, 17894930, 38110816, 25095725, 28550939, 26175965, 32027762, 16138266, 38163217, 26942234, 28727066, 20085566, 38198171, 21144407, 33513190, 25661476, 22492985, 28678136, 38250632, 19729749, 35502175, 20996105, 29770906, 25535687, 38303129, 22335842, 30118316, 24055532, 25158505, 27622895, 36368462, 16614749, 38373181, 26666372, 28397324, 23095881, 32248199, 21656495, 35209922, 25443362, 28753477, 24199970, 33472082, 18992474, 37150159, 27920795, 22371480, 25849730, 37664057, 17189960, 38531032, 22208687, 29975411, 28914737, 38566154, 19093946, 28332077, 27599306, 28742396, 24651204, 32772695, 18865319, 37743710, 22643779, 29083367, 28993820, 32469392, 20657445, 36685051, 28150349, 26359022, 19749287, 
35925761, 21666944, 38742004, 25454006, 25282751, 23472131, 38777222, 20215612, 37088825, 24421352, 26518622, 26680539, 34052195, 20865065, 31135514, 23842445, 30221741, 29152310, 38882972, 14802596, 38900611, 26706767, 28432814, 26133401, 32368949, 22704896, 31436032, 26777537, 28967467, 24532421, 38988866, 19382864, 35277099, 25640750, 23470976, 26279116, 39041867, 22014077, 39059542, 19351742, 26611561, 29311232, 37912520, 18901691, 31252127, 29337761, 29441864, 22658270, 39147977, 18725522, 38216156, 26923364, 28190999, 27812327, 25409066, 19298981, 36980717, 28479224, 30510400, 22615709, 39254231, 20006417, 39271954, 26108700, 24731627, 24336806, 39307412, 20997246, 34226341, 24755315, 30593126, 26418620, 37322345, 20308334, 32363696, 23690915, 28008131, 28181849, 36565850, 16753811, 38605901, 29577062, 25437962, 27118416, 33137507, 23014751, 39484942, 24106037, 30717425, 21676064, 37265456, 18067011, 39538279, 29657045, 25802690, 26194387, 32847077, 23076974, 36278852, 22445462, 
27942545, 29710427, 38187830, 17841926, 30716501, 28868816, 30841976, 25572047, 38767187, 17206277, 32617414, 26478752, 30883549, 29790590, 33361724, 21225320, 38551027, 24243077, 29923276, 22352411, 36458561, 23201672, 39805504, 25969301, 21406067, 29870861, 39002546, 19394127, 39859057, 23370134, 28691044, 21342470, 39894779, 23264147, 33511622, 26801320, 29874679, 28979240, 35033240, 17829851, 39966271, 28217417, 28426934, 24256265, 33586697, 19558400, 38261516, 27510632, 29403847, 24900935, 40055726, 20882929, 35143105, 26835290, 25237622, 27559857, 36559199, 23389349, 36719106, 19726487, 29897669, 30112322, 40163204, 20478860, 30777359, 30139211, 26921164, 25242914, 40216997, 17551580, 40234936, 27658439, 30286897, 26460545, 33480242, 18136346, 39248717, 29782172, 30193580, 23233172, 35363351, 22738025, 37428094, 27090151, 26327921, 30273836, 34398956, 18778337, 39560567, 23842445, 29517286, 26869562, 36606707, 23577782, 29705540, 25695170, 31468511, 27784355, 40486502, 17077042, 
40504501, 26626052, 31510504, 27856131, 34038911, 22196045, 40558522, 27052799, 22855511, 23708822, 40594556, 21685164, 40612579, 30462815, 26504174, 22901951, 39775457, 22746722, 39191072, 21038441, 30346411, 28274837, 35695010, 20675036, 32251203, 30543986, 28501610, 26840622, 40756907, 17133071, 37363766, 27380530, 31720889, 30598160, 31623176, 21052961, 35805907, 30625265, 30221510, 22725644, 40865321, 21716762, 40883404, 22145624, 25403501, 30679511, 40069406, 19209971, 40937677, 25462052, 27892316, 26918469, 37546139, 23104391, 34418066, 27254091, 31889701, 26958614, 41028212, 18313334, 35167451, 29365187, 28842356, 25074956, 29406647, 23956916, 41100712, 28253627, 31974275, 25884905, 40077146, 18092057, 40034989, 28602182, 24473194, 28303512, 39697571, 22453295, 36139630, 23163305, 31020727, 29266304, 39826784, 22033281, 32808731, 24506969, 29704322, 27149117, 40368017, 19409072, 41318596, 28403414, 28152079, 31005995, 32514710, 21561082, 37912217, 31033280, 30969226, 19344991, 
39267155, 22968257, 41427754, 27633002, 27036461, 29869214, 36362972, 18880934, 41482387, 26113847, 32271166, 25960799, 38520029, 20538326, 34875824, 27400445, 31267289, 30216029, 38095922, 17218772, 36474901, 31197242, 32356244, 28603746, 34225699, 21760481, 41646502, 24413272, 30445097, 23800676, 39853496, 22266899, 41701279, 31279385, 22391240, 27827771, 41737817, 24339074, 35891692, 24069392, 29701991, 27461327, 40620494, 20987935, 33461537, 29522084, 32526736, 28754457, 36699275, 20027501, 41865826, 23796569, 31142549, 29965982, 35182676, 19490202, 41920747, 29759195, 31439090, 23574170, 41957381, 23659430, 31833302, 27557855, 24959939, 31498961, 41150666, 21720164, 41020025, 23068490, 31638962, 28905564, 42067379, 22357787, 34991142, 26681995, 26172101, 29262524, 41206880, 17247731, 42140791, 31609037, 32783314, 24097265, 32311157, 24595526, 42195892, 29006522, 31763341, 26574755, 34095926, 22019204, 40720325, 31691720, 27574040, 25318717, 39877247, 20683667, 42306202, 22584569, 
32911981, 30745202, 42343004, 20690324, 31111511, 31774511, 28263764, 28458497, 42398237, 20714432, 41462656, 24994547, 31758059, 29963525, 33540770, 21321056, 39404881, 29161310, 28938592, 24493046, 42508811, 23535131, 40661654, 28557526, 26076311, 27968684, 42564152, 22737831, 39021107, 24584081, 31131146, 28416182, 37376525, 22785662, 35800412, 29310452, 33170071, 30797015, 42674942, 15085067, 42693421, 32023532, 29511526, 29361261, 35081561, 23545841, 37490002, 26937862, 33256325, 26035490, 37945628, 22073552, 40591135, 28138835, 27935366, 26440292, 42841397, 24982724, 41759960, 24706259, 28154911, 29440697, 41919770, 22178615, 33747305, 31155206, 33385916, 25833132, 37053335, 20189201, 42063886, 26998045, 30567569, 32245700, 30882536, 22975145, 43026727, 32273525, 32388896, 23313182, 43063841, 19351742, 43082404, 27051866, 28116911, 32329211, 41823542, 21251224, 37831465, 27156560, 31701604, 28166639, 43175279, 25177457, 30910226, 25025936, 32514739, 32412830, 40767500, 18674464, 
42330551, 32440727, 29468954, 29055251, 36345341, 21968510, 42094112, 27513701, 32276507, 22700255, 43342706, 22262727, 42423205, 32524490, 26196944, 27977450, 34914517, 25307699, 43417222, 24406736, 31257209, 31643924, 43454504, 19230525, 36146199, 32608361, 33819706, 26165309, 41261357, 21258626, 36169816, 29923064, 30483317, 30267167, 36580142, 22715417, 43585117, 26586320, 31005020, 25135457, 43622471, 24415619, 43641154, 28711106, 24756197, 32748386, 40525076, 21670226, 43697227, 23681795, 32893732, 25629914, 42614345, 25503692, 36737096, 30077207, 34037651, 32832545, 38123696, 17195504, 37508621, 31632122, 34081324, 30128676, 36815699, 22352411, 38064254, 29456527, 32837231, 27626540, 43903136, 21243569, 35466379, 31910717, 28483074, 29217716, 43959377, 24789272, 43078100, 21966830, 33030239, 33001187, 40335014, 20830856, 36973157, 29156078, 28922510, 30283347, 42840767, 21533369, 44090746, 29410547, 32914109, 26210930, 37052012, 22004252, 44147107, 31997999, 31783630, 24228845, 
36173729, 25766192, 44203504, 30386681, 24385757, 33170261, 42302306, 20082409, 43812961, 27863042, 34431716, 28133694, 44297579, 24980141, 32549990, 27070070, 33247897, 31307504, 44354072, 19802591, 44372911, 29170577, 33217396, 27302972, 33250481, 25897946, 40714412, 30542012, 30273527, 26207591, 44467166, 22336157, 44486029, 32393372, 26747312, 26779605, 44523767, 22124519, 44542642, 24548045, 33530267, 33424682, 36658640, 23815446, 37447547, 33453011, 33484322, 29961992, 40904777, 18381662, 41432536, 28803275, 33064259, 32203337, 35788106, 23109881, 38928379, 33538070, 33658306, 23166644, 44750531, 24515411, 44769454, 24518665, 29218529, 33594836, 44807312, 23118299, 42273095, 28219685, 27413726, 29120052, 44864129, 26162462, 37320012, 29298770, 31288609, 29518619, 44920982, 19478162, 42618265, 30857612, 33500072, 30905991, 33036707, 23255915, 43923146, 30015374, 35004925, 25998494, 45034796, 20953664, 41286839, 32772695, 28381196, 30267335, 45091757, 26295224, 37312412, 24564117, 
35093531, 33850877, 38724914, 20734856, 37924961, 29349920, 35137876, 31062642, 43851035, 22088147, 45224806, 28683860, 29706787, 32980100, 34681784, 22128915, 43730467, 33964985, 33281462, 21077375, 45319961, 24538562, 44424860, 31167296, 29181471, 31144991, 39795662, 23660557, 42119725, 28578596, 33984290, 31219689, 45434279, 23163305, 38164802, 30113372, 30645269, 32285390, 45491492, 19424444, 37808159, 31633067, 35404534, 30574226, 36237065, 25291676, 45567832, 24440147, 34302161, 28361417, 45606026, 23582696, 44353769, 32219870, 24244490, 31377132, 43304951, 25266875, 41356812, 25682675, 35538241, 30044552, 44765984, 24424901, 38405399, 34308461, 34431664, 27183059, 40147445, 19898582, 43189556, 31482314, 35627519, 34365875, 38112974, 19343314, 44834437, 34394600, 34237060, 26445227, 38539811, 26762537, 39234082, 30626357, 28550939, 34452086, 45950492, 22734212, 44729575, 25238399, 34040234, 28096265, 44912909, 23573786, 36378752, 31640417, 31363147, 34538405, 44402402, 19918091, 
46084801, 34567202, 31529162, 27743106, 36281291, 26896811, 42812566, 30985822, 35896025, 28181822, 40500776, 23565581, 46200079, 28954517, 30152714, 30831386, 45195581, 23574170, 46257772, 24171956, 34821637, 32680967, 46296254, 24140351, 31074617, 34740236, 36030656, 30437501, 46354007, 21795575, 46373266, 26534892, 31838461, 34798010, 37269572, 22465790, 44398751, 33844115, 28883810, 26115212, 44879321, 27098852, 46488904, 31957811, 30341315, 27918761, 42638042, 23068157, 46546777, 28960046, 36210556, 30189660, 40562957, 27166367, 39131726, 29177285, 33053735, 32015120, 43277600, 17626109, 46662631, 35000597, 36300674, 30929941, 39212849, 26143592, 40974292, 32117102, 33238895, 29424875, 44345270, 21998134, 44115845, 30753020, 28714134, 30894287, 46817327, 27301649, 46836682, 24097406, 31915181, 34089962, 44824124, 24187202, 36354371, 33808199, 36481246, 27510347, 46933517, 20647400, 43028096, 32276789, 35151041, 34053485, 34518530, 24146441, 47011057, 32677274, 35326820, 26686402, 
46108955, 21338807, 45459334, 31608376, 30720281, 33698516, 44426792, 25166411, 38767747, 29668937, 32595320, 31450577, 43223789, 27505202, 37756940, 28394900, 35397191, 34306799, 47224622, 19995581, 47244061, 35436692, 32193004, 26166641, 39318047, 27573221, 46312322, 29971855, 33447551, 25983374, 45926516, 25291074, 47360779, 34204475, 27926546, 31817270, 38288297, 26730902, 47419192, 27336887, 34676051, 35582657, 47458154, 20922962, 39864857, 32601866, 33860668, 32650932, 47516627, 21465119, 41392852, 30052679, 36980129, 35670380, 39946736, 24548871, 43616507, 28895549, 37025650, 26254862, 46352261, 27777782, 44215204, 32758226, 25641137, 33850499, 47692262, 22268432, 47711797, 30036920, 37116776, 28723635, 46029215, 26732711, 36056066, 29035031, 37162381, 35846150, 38191160, 21350060, 47829091, 34877567, 36004732, 32131901, 37840961, 24406736, 47887792, 32919497, 34481675, 27388085, 47926946, 22739672, 42049765, 34950542, 31293140, 31557642, 47035307, 26463119, 46672502, 23534352, 
33022371, 32342360, 48044504, 23862339, 38588351, 36051761, 32752262, 32075924, 45366185, 22621820, 48122956, 30224024, 37436599, 31650215, 37340174, 25114387, 48181837, 36140060, 36270326, 27788261, 39906731, 28120397, 41175950, 32081535, 31056029, 34194890, 46630532, 20310384, 48299707, 30407171, 36015494, 32448080, 48339029, 25702772, 35524472, 33243227, 36403489, 36287465, 48398042, 20624909, 44925001, 29490626, 35407964, 31629956, 37136327, 27327665, 47174446, 32553817, 32524531, 30176060, 48516176, 25919009, 47447915, 33738437, 30193580, 26067740, 48575297, 26951054, 48595012, 25635110, 35723279, 36464747, 42653270, 24437180, 40852949, 36494336, 30924212, 33459927, 47679347, 20508485, 48713386, 32496242, 36670547, 36553550, 40124212, 26045520, 39953687, 33491975, 36544862, 24313727, 47458541, 27023672, 48831904, 29386781, 31871291, 36642461, 48871442, 25116984, 42008117, 28858694, 32122570, 33622914, 45401339, 26695715, 41101862, 32872060, 38080361, 31833302, 46462952, 19402301, 
49009951, 36761177, 38126554, 32707427, 36032861, 26380946, 49069372, 33731792, 36737341, 30904367, 41772686, 22151945, 46981409, 36850340, 32065184, 32427225, 47922347, 25515599, 39739762, 26696891, 38265301, 33035792, 49228004, 26299466, 40953987, 32377259, 37072964, 30855962, 49287557, 24085436, 49307416, 31337279, 30186839, 36999185, 41434922, 23711630, 46820701, 37028990, 38404300, 24688472, 49406771, 28811927, 48338014, 30205931, 27452471, 37088636, 41846330, 26426901, 49486327, 30793445, 36961166, 32924357, 48049985, 24248324, 37973156, 32128982, 38543551, 34455299, 47418950, 21513524, 43505401, 35035592, 36337484, 32798651, 41685599, 26399741, 49665562, 28798025, 38636525, 31279910, 45390692, 25649982, 49725379, 37297775, 26894802, 31585457, 45606737, 29021024, 46953680, 28702097, 37477577, 30445097, 48770210, 24008205, 41853137, 37387586, 38776196, 31320482, 43750415, 22968257, 48925846, 33513190, 38822809, 35452652, 41937032, 22082561, 46361551, 37477505, 34196936, 27832046, 
}
int main()
{
	int n,i,q;	scanf("%d",&n);
	int A[n],sol[n];
	for(i=0;i<n;i++)
	{
		scanf("%d",&A[i]);
		sol[i]=G[A[i]];
	}
	scanf("%d",&q);
	while(q--)
	{
		char ch;int x,y;
		scanf("%c %d %d",&ch,&x,&y);
		x--;			if(ch=='C')
		{
			y--;
	
			int ans=0;
			for(i=x;i<=y;i++)
				ans+=sol[i];
			printf("%d\n",ans);
		}
		else
		{
			A[x]=y;
			sol[x]=G[A[x]];
		}
	}
	return 0;
}				
				
	